chr	start5	start3	stop5	stop3	pattern	type	nb_snp	sporeaffect
1	1	27825	36160	36898	[1, 1, 1, 1, 0, 0, 0, 0]	4:4	213	0
1	36160	36898	36898	37019	[1, 1, 0, 0, 0, 0, 0, 0]	2:6	1	34
1	36898	37019	37294	37369	[1, 1, 0, 0, 0, 1, 0, 0]	3:5	2	6
1	37294	37369	37369	37460	[1, 1, 1, 1, 0, 1, 0, 0]	5:3	1	34
1	37369	37460	37553	37595	[1, 1, 0, 0, 1, 1, 0, 0]	4:4	3	345
1	37553	37595	38689	38888	[1, 1, 0, 0, 0, 1, 0, 0]	3:5	13	5
1	38689	38888	61708	61999	[1, 1, 0, 0, 1, 1, 0, 0]	4:4	154	5
1	61708	61999	130975	135319	[0, 0, 0, 0, 1, 1, 1, 1]	4:4	252	1278
1	130975	135319	173222	173966	[0, 0, 1, 1, 1, 1, 0, 0]	4:4	67	3478
1	173222	173966	174674	175307	[1, 0, 1, 1, 1, 1, 0, 0]	5:3	2	1
1	174674	175307	175578	175876	[0, 1, 1, 1, 1, 1, 0, 0]	5:3	4	12
1	175578	175876	184083	184235	[0, 0, 1, 1, 1, 1, 0, 0]	4:4	77	2
1	184083	184235	184510	184921	[0, 0, 0, 0, 1, 1, 0, 0]	2:6	9	34
1	184510	184921	184921	185150	[0, 0, 1, 1, 1, 1, 1, 1]	6:2	1	3478
1	184921	185150	203038	230218	[0, 0, 0, 0, 1, 1, 1, 1]	4:4	191	34
2	1	9520	45075	45304	[1, 1, 1, 1, 0, 0, 0, 0]	4:4	164	0
2	45075	45304	47197	47244	[1, 1, 1, 1, 1, 0, 0, 0]	5:3	9	5
2	47197	47244	47244	47612	[1, 1, 1, 1, 0, 0, 0, 0]	4:4	1	5
2	47244	47612	47612	47900	[1, 1, 1, 1, 0, 1, 0, 0]	5:3	1	6
2	47612	47900	47900	47948	[1, 0, 1, 1, 1, 1, 0, 0]	5:3	1	25
2	47900	47948	61810	62000	[1, 1, 1, 1, 0, 0, 0, 0]	4:4	36	256
2	61810	62000	62000	62445	[1, 1, 1, 1, 0, 0, 1, 1]	6:2	1	78
2	62000	62445	62445	62830	[0, 1, 1, 1, 0, 0, 1, 1]	5:3	1	1
2	62445	62830	70638	70774	[0, 0, 1, 1, 0, 0, 1, 1]	4:4	36	2
2	70638	70774	71161	71276	[0, 0, 1, 1, 1, 0, 1, 1]	5:3	2	5
2	71161	71276	71420	71553	[0, 0, 0, 1, 1, 0, 1, 1]	4:4*	3	3
2	71420	71553	71621	71634	[0, 0, 0, 0, 1, 0, 1, 1]	3:5	3	4
2	71621	71634	71828	72018	[0, 0, 0, 0, 0, 0, 1, 1]	2:6	4	5
2	71828	72018	72233	72395	[0, 0, 0, 0, 1, 0, 1, 1]	3:5	5	5
2	72233	72395	215989	216051	[0, 0, 0, 0, 1, 1, 1, 1]	4:4	750	6
2	215989	216051	217070	217109	[0, 0, 0, 0, 0, 1, 1, 1]	3:5	10	5
2	217070	217109	217109	218039	[1, 0, 0, 0, 0, 1, 1, 1]	4:4*	1	1
2	217109	218039	218741	219119	[1, 1, 0, 1, 0, 0, 1, 1]	5:3	6	246
2	218741	219119	269036	269210	[1, 1, 0, 0, 0, 0, 1, 1]	4:4	175	4
2	269036	269210	269210	269402	[1, 1, 0, 0, 1, 0, 1, 1]	5:3	1	5
2	269210	269402	269987	270191	[1, 1, 0, 0, 0, 0, 1, 1]	4:4	6	5
2	269987	270191	270207	270387	[1, 1, 0, 0, 0, 1, 1, 1]	5:3	2	6
2	270207	270387	317892	318192	[1, 1, 0, 0, 0, 0, 1, 1]	4:4	302	6
2	317892	318192	318225	318982	[1, 1, 1, 0, 0, 0, 0, 0]	3:5	2	378
2	318225	318982	350451	350900	[1, 1, 1, 1, 0, 0, 0, 0]	4:4	192	4
2	350451	350900	350900	351083	[0, 1, 1, 1, 0, 0, 0, 0]	3:5	1	1
2	350900	351083	371746	372547	[1, 1, 1, 1, 0, 0, 0, 0]	4:4	121	1
2	371746	372547	373012	373340	[0, 1, 1, 1, 0, 0, 0, 0]	3:5	5	1
2	373012	373340	373488	373782	[1, 0, 1, 1, 0, 0, 0, 0]	3:5	2	12
2	373488	373782	392022	392544	[1, 1, 1, 1, 0, 0, 0, 0]	4:4	88	2
2	392022	392544	393197	393340	[1, 1, 1, 1, 0, 0, 1, 1]	6:2	3	78
2	393197	393340	430067	431229	[1, 1, 1, 1, 0, 0, 0, 0]	4:4	153	78
2	430067	431229	431229	431663	[1, 1, 0, 1, 0, 0, 0, 0]	3:5	1	3
2	431229	431663	432025	432329	[1, 1, 0, 0, 1, 0, 0, 0]	3:5	6	45
2	432025	432329	433272	433856	[1, 1, 0, 0, 0, 0, 0, 0]	2:6	14	5
2	433272	433856	434430	434484	[1, 1, 0, 1, 0, 0, 0, 0]	3:5	3	4
2	434430	434484	434484	435236	[1, 1, 1, 1, 0, 0, 0, 0]	4:4	1	3
2	434484	435236	435669	435951	[1, 1, 0, 1, 0, 0, 0, 0]	3:5	3	3
2	435669	435951	435951	436119	[1, 1, 0, 1, 0, 0, 1, 1]	5:3	1	78
2	435951	436119	466266	466523	[1, 1, 0, 0, 0, 0, 1, 1]	4:4	159	4
2	466266	466523	466523	466560	[1, 1, 1, 0, 0, 0, 1, 1]	5:3	1	3
2	466523	466560	466560	466698	[1, 1, 0, 0, 0, 0, 1, 1]	4:4	1	3
2	466560	466698	466698	466928	[1, 1, 0, 1, 0, 0, 1, 1]	5:3	1	4
2	466698	466928	467073	467353	[1, 1, 0, 0, 0, 0, 1, 1]	4:4	3	4
2	467073	467353	467353	468345	[1, 1, 0, 1, 0, 0, 1, 1]	5:3	1	4
2	467353	468345	504535	504568	[1, 1, 0, 0, 0, 0, 1, 1]	4:4	117	4
2	504535	504568	505298	506138	[1, 1, 0, 0, 1, 1, 1, 1]	6:2	7	56
2	505298	506138	558042	558499	[1, 1, 0, 0, 1, 1, 0, 0]	4:4	336	78
2	558042	558499	558499	558576	[1, 1, 0, 0, 1, 1, 1, 1]	6:2	1	78
2	558499	558576	611338	611905	[1, 1, 0, 0, 1, 1, 0, 0]	4:4	279	78
2	611338	611905	611905	613145	[1, 1, 0, 0, 1, 1, 1, 1]	6:2	1	78
2	611905	613145	641433	641467	[1, 1, 0, 0, 0, 0, 1, 1]	4:4	115	56
2	641433	641467	641914	642165	[1, 1, 0, 0, 1, 0, 1, 1]	5:3	2	5
2	641914	642165	642483	642776	[1, 1, 0, 0, 0, 0, 1, 1]	4:4	5	5
2	642483	642776	642776	643134	[1, 1, 0, 0, 1, 0, 1, 1]	5:3	1	5
2	642776	643134	661374	662094	[1, 1, 0, 0, 0, 0, 1, 1]	4:4	61	5
2	661374	662094	662444	666708	[1, 1, 0, 0, 0, 0, 0, 0]	2:6	3	78
2	662444	666708	679385	680044	[1, 1, 0, 0, 1, 1, 0, 0]	4:4	47	56
2	679385	680044	680044	680726	[1, 1, 0, 0, 1, 1, 1, 1]	6:2	1	78
2	680044	680726	680726	681166	[1, 1, 0, 0, 1, 1, 0, 0]	4:4	1	78
2	680726	681166	681414	681557	[1, 1, 0, 0, 1, 1, 1, 1]	6:2	2	78
2	681414	681557	701354	701832	[1, 1, 0, 0, 1, 1, 0, 0]	4:4	45	78
2	701354	701832	701871	702521	[1, 1, 0, 0, 0, 1, 0, 0]	3:5	2	5
2	701871	702521	702673	703042	[1, 1, 0, 0, 1, 1, 0, 0]	4:4	3	5
2	702673	703042	703042	703256	[1, 1, 0, 0, 1, 0, 0, 0]	3:5	1	6
2	703042	703256	730662	730763	[1, 1, 0, 0, 1, 1, 0, 0]	4:4	178	6
2	730662	730763	731596	731934	[1, 1, 0, 1, 1, 1, 0, 0]	5:3	12	4
2	731596	731934	767058	767298	[1, 1, 0, 0, 1, 1, 0, 0]	4:4	187	4
2	767058	767298	767430	768073	[0, 1, 0, 0, 1, 1, 0, 0]	3:5	3	1
2	767430	768073	768073	769699	[1, 0, 0, 0, 1, 1, 0, 0]	3:5	1	12
2	768073	769699	786902	787329	[1, 1, 0, 0, 1, 1, 0, 0]	4:4	83	2
2	786902	787329	787620	787633	[1, 1, 0, 1, 1, 1, 0, 0]	5:3	5	4
2	787620	787633	787638	787803	[1, 1, 1, 1, 1, 1, 0, 0]	6:2	2	3
2	787638	787803	787939	788189	[1, 1, 0, 1, 1, 1, 0, 0]	5:3	4	3
2	787939	788189	800937	813184	[1, 1, 0, 0, 1, 1, 0, 0]	4:4	128	4
3	1	14139	77900	78844	[1, 1, 0, 0, 1, 1, 0, 0]	4:4	244	0
3	77900	78844	96055	96799	[1, 1, 0, 0, 0, 0, 1, 1]	4:4	33	5678
3	96055	96799	96805	96988	[1, 1, 0, 0, 0, 0, 0, 0]	2:6	2	78
3	96805	96988	97696	98578	[1, 1, 0, 0, 0, 1, 0, 0]	3:5	3	6
3	97696	98578	146470	146649	[1, 1, 0, 0, 0, 0, 1, 1]	4:4	264	678
3	146470	146649	146649	146860	[1, 1, 0, 0, 0, 0, 0, 0]	2:6	1	78
3	146649	146860	146949	147882	[1, 1, 0, 0, 0, 0, 1, 1]	4:4	2	78
3	146949	147882	207534	207705	[1, 1, 1, 1, 0, 0, 0, 0]	4:4	184	3478
3	207534	207705	207966	208072	[1, 1, 1, 0, 0, 0, 0, 0]	3:5	2	4
3	207966	208072	208489	208699	[1, 1, 0, 1, 0, 0, 0, 0]	3:5	4	34
3	208489	208699	225200	225631	[1, 1, 1, 1, 0, 0, 0, 0]	4:4	94	3
3	225200	225631	238725	238995	[0, 0, 1, 1, 0, 0, 1, 1]	4:4	39	1278
3	238725	238995	239515	240922	[0, 0, 0, 1, 0, 0, 1, 1]	3:5	5	3
3	239515	240922	272348	273723	[0, 0, 1, 1, 0, 0, 1, 1]	4:4	125	3
3	272348	273723	274173	274250	[1, 0, 1, 1, 0, 0, 1, 1]	5:3	11	1
3	274173	274250	274679	275018	[0, 0, 1, 1, 0, 0, 1, 1]	4:4	6	1
3	274679	275018	275018	275423	[1, 0, 1, 1, 0, 0, 1, 1]	5:3	1	1
3	275018	275423	276551	277187	[1, 1, 1, 1, 0, 0, 1, 1]	6:2	5	2
3	276551	277187	303499	316620	[1, 1, 0, 0, 0, 0, 1, 1]	4:4	92	34
4	1	18805	61175	61275	[1, 1, 1, 1, 0, 0, 0, 0]	4:4	284	0
4	61175	61275	61275	62061	[1, 1, 1, 0, 0, 0, 0, 0]	3:5	1	4
4	61275	62061	62061	62205	[1, 1, 1, 1, 0, 0, 1, 1]	6:2	1	478
4	62061	62205	62205	62366	[1, 1, 1, 0, 0, 0, 1, 1]	5:3	1	4
4	62205	62366	64539	64917	[1, 1, 0, 0, 0, 0, 1, 1]	4:4	22	3
4	64539	64917	64950	65233	[1, 1, 0, 1, 0, 0, 1, 1]	5:3	2	4
4	64950	65233	65570	66230	[1, 0, 0, 1, 0, 0, 1, 1]	4:4*	6	2
4	65570	66230	66230	66345	[0, 0, 0, 1, 0, 0, 1, 1]	3:5	1	1
4	66230	66345	66345	66401	[0, 0, 0, 0, 0, 0, 1, 1]	2:6	1	4
4	66345	66401	66855	67141	[0, 0, 0, 1, 0, 0, 1, 1]	3:5	4	4
4	66855	67141	68799	69384	[0, 0, 1, 1, 0, 0, 1, 1]	4:4	16	3
4	68799	69384	69990	70167	[0, 0, 1, 1, 1, 0, 1, 1]	5:3	3	5
4	69990	70167	71525	71645	[0, 0, 0, 0, 1, 1, 1, 1]	4:4	9	346
4	71525	71645	71743	72032	[0, 0, 0, 1, 1, 1, 1, 1]	5:3	2	4
4	71743	72032	164096	164298	[0, 0, 0, 0, 1, 1, 1, 1]	4:4	456	4
4	164096	164298	278692	280191	[0, 0, 1, 1, 0, 0, 1, 1]	4:4	516	3456
4	278692	280191	280191	280598	[0, 0, 0, 0, 0, 0, 1, 1]	2:6	1	34
4	280191	280598	280598	280697	[0, 0, 0, 0, 1, 1, 1, 1]	4:4	1	56
4	280598	280697	280934	281102	[0, 0, 1, 1, 1, 1, 1, 1]	6:2	4	34
4	280934	281102	281647	281853	[0, 0, 0, 1, 1, 1, 1, 1]	5:3	9	3
4	281647	281853	410728	411048	[0, 0, 0, 0, 1, 1, 1, 1]	4:4	739	4
4	410728	411048	411335	411785	[0, 0, 0, 0, 1, 1, 0, 0]	2:6	2	78
4	411335	411785	476888	477034	[0, 0, 1, 1, 1, 1, 0, 0]	4:4	318	34
4	476888	477034	477585	477804	[0, 1, 1, 1, 1, 1, 0, 0]	5:3	5	2
4	477585	477804	478019	478092	[1, 0, 1, 1, 1, 1, 0, 0]	5:3	3	12
4	478019	478092	614321	614433	[0, 0, 1, 1, 1, 1, 0, 0]	4:4	965	1
4	614321	614433	614433	614483	[0, 1, 1, 1, 1, 1, 0, 0]	5:3	1	2
4	614433	614483	616214	616380	[1, 1, 1, 1, 1, 1, 0, 0]	6:2	27	1
4	616214	616380	617533	617915	[1, 1, 1, 1, 0, 1, 0, 0]	5:3	10	5
4	617533	617915	699938	700023	[1, 1, 1, 1, 0, 0, 0, 0]	4:4	493	6
4	699938	700023	700170	700186	[1, 1, 0, 0, 0, 0, 0, 0]	2:6	3	34
4	700170	700186	743651	743850	[1, 1, 0, 0, 1, 1, 0, 0]	4:4	259	56
4	743651	743850	743850	744215	[1, 1, 0, 1, 1, 1, 0, 0]	5:3	1	4
4	743850	744215	744435	745067	[1, 1, 1, 0, 1, 1, 0, 0]	5:3	3	34
4	744435	745067	787173	787632	[1, 1, 0, 0, 1, 1, 0, 0]	4:4	194	3
4	787173	787632	787632	787723	[1, 1, 1, 0, 1, 1, 0, 0]	5:3	1	3
4	787632	787723	816853	817682	[1, 1, 0, 0, 1, 1, 0, 0]	4:4	146	3
4	816853	817682	817682	817854	[1, 0, 0, 0, 1, 1, 0, 0]	3:5	1	2
4	817682	817854	817919	818507	[0, 1, 0, 0, 1, 1, 0, 0]	3:5	2	12
4	817919	818507	908967	909447	[0, 0, 0, 0, 1, 1, 1, 1]	4:4	421	278
4	908967	909447	909447	909908	[0, 0, 1, 1, 1, 1, 1, 1]	6:2	1	34
4	909447	909908	1004000	1004480	[0, 0, 1, 1, 1, 1, 0, 0]	4:4	512	78
4	1004000	1004480	1004753	1005047	[0, 0, 1, 1, 0, 1, 0, 0]	3:5	2	5
4	1004753	1005047	1005567	1005614	[0, 0, 1, 1, 1, 1, 0, 0]	4:4	4	5
4	1005567	1005614	1005656	1005728	[0, 0, 1, 1, 1, 0, 0, 0]	3:5	2	6
4	1005656	1005728	1015515	1016282	[0, 0, 1, 1, 1, 1, 0, 0]	4:4	56	6
4	1015515	1016282	1016332	1016426	[1, 0, 1, 1, 1, 1, 0, 0]	5:3	2	1
4	1016332	1016426	1044635	1044751	[0, 0, 1, 1, 1, 1, 0, 0]	4:4	199	1
4	1044635	1044751	1045062	1045735	[0, 0, 1, 1, 1, 1, 1, 1]	6:2	2	78
4	1045062	1045735	1102674	1103455	[0, 0, 1, 1, 0, 0, 1, 1]	4:4	315	56
4	1102674	1103455	1103488	1104014	[0, 0, 1, 1, 0, 0, 0, 0]	2:6	3	78
4	1103488	1104014	1241519	1242168	[0, 0, 1, 1, 0, 0, 1, 1]	4:4	741	78
4	1241519	1242168	1242241	1242658	[0, 0, 1, 0, 0, 0, 1, 1]	3:5	3	4
4	1242241	1242658	1242658	1246191	[0, 0, 0, 0, 0, 0, 1, 1]	2:6	1	3
4	1242658	1246191	1268647	1269918	[0, 0, 0, 0, 1, 1, 1, 1]	4:4	118	56
4	1268647	1269918	1269918	1270457	[0, 0, 1, 1, 1, 1, 1, 1]	6:2	1	34
4	1269918	1270457	1355944	1357024	[0, 0, 1, 1, 0, 0, 1, 1]	4:4	436	56
4	1355944	1357024	1509719	1509983	[0, 0, 1, 1, 1, 1, 0, 0]	4:4	964	5678
4	1509719	1509983	1509983	1510411	[0, 0, 0, 0, 1, 1, 0, 0]	2:6	1	34
4	1509983	1510411	1510411	1510510	[0, 0, 1, 1, 1, 1, 0, 0]	4:4	1	34
4	1510411	1510510	1510510	1511013	[0, 0, 0, 0, 1, 1, 0, 0]	2:6	1	34
4	1510510	1511013	1523226	1531933	[1, 1, 0, 0, 1, 1, 0, 0]	4:4	69	12
5	1	7602	15966	16323	[1, 1, 0, 0, 1, 1, 0, 0]	4:4	104	0
5	15966	16323	16323	17065	[1, 1, 0, 1, 1, 1, 0, 0]	5:3	1	4
5	16323	17065	17824	18447	[1, 1, 0, 0, 1, 1, 0, 0]	4:4	9	4
5	17824	18447	18447	18515	[0, 1, 1, 1, 1, 1, 0, 0]	5:3	1	134
5	18447	18515	173989	174295	[0, 0, 1, 1, 1, 1, 0, 0]	4:4	908	2
5	173989	174295	174469	174633	[0, 0, 1, 1, 0, 1, 0, 0]	3:5	3	5
5	174469	174633	174633	174794	[0, 0, 1, 1, 1, 1, 0, 0]	4:4	1	5
5	174633	174794	174794	175154	[1, 1, 1, 1, 0, 1, 0, 0]	5:3	1	125
5	174794	175154	183549	183864	[1, 1, 1, 1, 0, 0, 0, 0]	4:4	49	6
5	183549	183864	183864	183910	[1, 1, 0, 1, 0, 0, 0, 0]	3:5	1	3
5	183864	183910	184260	184291	[1, 1, 1, 1, 0, 0, 0, 0]	4:4	4	3
5	184260	184291	184291	184363	[1, 1, 0, 1, 0, 0, 0, 0]	3:5	1	3
5	184291	184363	184363	184684	[1, 1, 1, 0, 0, 0, 0, 0]	3:5	1	34
5	184363	184684	256810	258361	[1, 1, 1, 1, 0, 0, 0, 0]	4:4	444	4
5	256810	258361	318016	318309	[0, 0, 1, 1, 0, 0, 1, 1]	4:4	383	1278
5	318016	318309	318414	319404	[0, 0, 1, 1, 0, 0, 0, 0]	2:6	2	78
5	318414	319404	378395	378586	[0, 0, 1, 1, 0, 0, 1, 1]	4:4	356	78
5	378395	378586	378586	379092	[0, 0, 1, 0, 0, 0, 1, 1]	3:5	1	4
5	378586	379092	414243	414432	[0, 0, 1, 1, 0, 0, 1, 1]	4:4	177	4
5	414243	414432	414642	414720	[0, 0, 1, 1, 1, 1, 1, 1]	6:2	3	56
5	414642	414720	461582	461594	[0, 0, 0, 0, 1, 1, 1, 1]	4:4	207	34
5	461582	461594	461594	462226	[0, 0, 0, 0, 1, 1, 0, 0]	2:6	1	78
5	461594	462226	509962	510678	[0, 0, 0, 0, 1, 1, 1, 1]	4:4	263	78
5	509962	510678	510678	511287	[0, 0, 0, 1, 1, 1, 1, 1]	5:3	1	4
5	510678	511287	566643	576874	[0, 0, 0, 0, 1, 1, 1, 1]	4:4	407	4
6	1	15306	43988	44192	[1, 1, 0, 0, 1, 1, 0, 0]	4:4	339	0
6	43988	44192	44192	44748	[1, 1, 1, 0, 1, 1, 0, 0]	5:3	1	3
6	44192	44748	55864	56533	[1, 1, 0, 0, 1, 1, 0, 0]	4:4	75	3
6	55864	56533	56533	56854	[1, 1, 0, 0, 0, 1, 0, 0]	3:5	1	5
6	56533	56854	88777	89605	[1, 1, 0, 0, 1, 1, 0, 0]	4:4	227	5
6	88777	89605	89832	89980	[1, 1, 0, 0, 0, 0, 1, 1]	4:4	3	5678
6	89832	89980	89980	90217	[1, 1, 0, 0, 1, 0, 1, 1]	5:3	1	5
6	89980	90217	90883	91021	[1, 1, 0, 0, 0, 0, 1, 1]	4:4	7	5
6	90883	91021	91021	91098	[1, 1, 0, 0, 1, 0, 1, 1]	5:3	1	5
6	91021	91098	95849	96304	[1, 1, 0, 0, 0, 0, 1, 1]	4:4	39	5
6	95849	96304	96305	96502	[1, 1, 0, 0, 0, 0, 0, 0]	2:6	2	78
6	96305	96502	158086	158256	[1, 1, 0, 0, 0, 0, 1, 1]	4:4	340	78
6	158086	158256	159616	159744	[0, 1, 0, 0, 0, 0, 1, 1]	3:5	15	1
6	159616	159744	204282	204454	[1, 1, 0, 0, 0, 0, 1, 1]	4:4	315	1
6	204282	204454	204826	204889	[1, 1, 0, 0, 0, 1, 1, 1]	5:3	7	6
6	204826	204889	205576	205702	[1, 1, 0, 0, 0, 0, 1, 1]	4:4	12	6
6	205576	205702	205702	205793	[1, 1, 0, 0, 1, 1, 1, 1]	6:2	1	56
6	205702	205793	229247	229320	[0, 0, 0, 0, 1, 1, 1, 1]	4:4	171	12
6	229247	229320	229559	229616	[1, 1, 0, 0, 1, 1, 1, 1]	6:2	2	12
6	229559	229616	229838	229991	[0, 0, 0, 0, 1, 1, 1, 1]	4:4	5	12
6	229838	229991	229991	230223	[1, 0, 0, 0, 1, 1, 1, 1]	5:3	1	1
6	229991	230223	230223	230273	[0, 0, 0, 0, 1, 1, 1, 1]	4:4	1	1
6	230223	230273	230462	230627	[1, 0, 0, 0, 1, 1, 1, 1]	5:3	2	1
6	230462	230627	239066	239639	[0, 0, 0, 0, 1, 1, 1, 1]	4:4	57	1
6	239066	239639	239766	239828	[0, 0, 0, 0, 1, 0, 1, 1]	3:5	3	6
6	239766	239828	239828	239854	[0, 0, 0, 0, 1, 1, 1, 1]	4:4	1	6
6	239828	239854	240352	240364	[0, 0, 0, 0, 0, 1, 1, 1]	3:5	4	5
6	240352	240364	240364	240385	[0, 0, 0, 0, 1, 1, 1, 1]	4:4	1	5
6	240364	240385	240385	240682	[0, 0, 0, 0, 0, 1, 1, 1]	3:5	1	5
6	240385	240682	269707	270161	[0, 0, 0, 0, 1, 1, 1, 1]	4:4	306	5
7	1	8879	21041	21167	[0, 0, 0, 0, 1, 1, 1, 1]	4:4	98	0
7	21041	21167	21172	21218	[0, 0, 0, 1, 1, 1, 1, 1]	5:3	2	4
7	21172	21218	21225	21241	[0, 0, 0, 0, 1, 1, 1, 1]	4:4	2	4
7	21225	21241	21253	21328	[0, 0, 0, 1, 1, 1, 1, 1]	5:3	2	4
7	21253	21328	21337	21410	[0, 0, 1, 1, 1, 1, 1, 1]	6:2	2	3
7	21337	21410	21543	21569	[0, 0, 0, 1, 1, 1, 1, 1]	5:3	10	3
7	21543	21569	34992	35217	[0, 0, 0, 0, 1, 1, 1, 1]	4:4	77	4
7	34992	35217	35217	35451	[0, 0, 1, 0, 1, 1, 1, 1]	5:3	1	3
7	35217	35451	36018	36691	[0, 0, 0, 1, 1, 1, 1, 1]	5:3	9	34
7	36018	36691	55263	55957	[0, 0, 0, 0, 1, 1, 1, 1]	4:4	112	4
7	55263	55957	55957	57501	[0, 0, 0, 0, 1, 1, 0, 0]	2:6	1	78
7	55957	57501	119177	119852	[0, 0, 0, 0, 1, 1, 1, 1]	4:4	196	78
7	119177	119852	120395	120933	[0, 0, 1, 0, 1, 1, 1, 1]	5:3	3	3
7	120395	120933	120933	121176	[0, 0, 0, 0, 1, 1, 1, 1]	4:4	1	3
7	120933	121176	121176	121350	[0, 0, 0, 1, 1, 1, 1, 1]	5:3	1	4
7	121176	121350	139179	139322	[0, 0, 0, 0, 1, 1, 1, 1]	4:4	148	4
7	139179	139322	139322	139341	[0, 0, 0, 0, 1, 1, 0, 0]	2:6	1	78
7	139322	139341	139797	140188	[0, 0, 0, 0, 1, 1, 1, 1]	4:4	7	78
7	139797	140188	178509	179910	[1, 1, 0, 0, 1, 1, 0, 0]	4:4	172	1278
7	178509	179910	180364	181069	[1, 1, 0, 0, 1, 0, 0, 0]	3:5	3	6
7	180364	181069	244757	245112	[1, 1, 0, 0, 1, 1, 0, 0]	4:4	259	6
7	244757	245112	245422	245686	[1, 1, 0, 0, 1, 1, 1, 1]	6:2	2	78
7	245422	245686	271422	271683	[0, 0, 0, 0, 1, 1, 1, 1]	4:4	112	12
7	271422	271683	272568	273422	[0, 0, 0, 0, 1, 0, 1, 1]	3:5	4	6
7	272568	273422	273422	273707	[1, 0, 1, 0, 0, 0, 1, 1]	4:4*	1	135
7	273422	273707	345438	345471	[0, 0, 1, 1, 0, 0, 1, 1]	4:4	538	14
7	345438	345471	345511	345912	[0, 0, 1, 1, 0, 1, 1, 1]	5:3	2	6
7	345511	345912	347682	348496	[0, 0, 1, 1, 1, 0, 1, 1]	5:3	17	56
7	347682	348496	427600	427741	[0, 0, 1, 1, 0, 0, 1, 1]	4:4	461	5
7	427600	427741	427807	428152	[0, 0, 0, 1, 0, 0, 1, 1]	3:5	2	3
7	427807	428152	428152	428325	[0, 0, 1, 1, 0, 0, 1, 1]	4:4	1	3
7	428152	428325	429020	429278	[1, 1, 0, 1, 0, 0, 1, 1]	5:3	10	123
7	429020	429278	429278	429467	[1, 1, 0, 0, 0, 0, 1, 1]	4:4	1	4
7	429278	429467	431344	431867	[1, 1, 0, 1, 0, 0, 1, 1]	5:3	11	4
7	431344	431867	442184	442299	[1, 1, 0, 0, 0, 0, 1, 1]	4:4	84	4
7	442184	442299	443342	443602	[1, 0, 0, 0, 0, 0, 1, 1]	3:5	10	2
7	443342	443602	451346	451921	[1, 1, 0, 0, 0, 0, 1, 1]	4:4	42	2
7	451346	451921	452209	452296	[1, 1, 0, 0, 0, 1, 1, 1]	5:3	2	6
7	452209	452296	452296	452589	[1, 1, 0, 0, 0, 0, 1, 1]	4:4	1	6
7	452296	452589	452589	452990	[1, 1, 0, 0, 1, 0, 1, 1]	5:3	1	5
7	452589	452990	531741	532320	[1, 1, 0, 0, 0, 0, 1, 1]	4:4	379	5
7	531741	532320	532320	533539	[1, 0, 0, 0, 0, 0, 1, 1]	3:5	1	2
7	532320	533539	533539	533747	[1, 1, 0, 0, 0, 0, 1, 1]	4:4	1	2
7	533539	533747	533847	533952	[1, 1, 0, 1, 0, 0, 1, 1]	5:3	2	4
7	533847	533952	559914	560083	[1, 1, 0, 0, 0, 0, 1, 1]	4:4	93	4
7	559914	560083	560083	560364	[1, 1, 0, 0, 0, 1, 1, 1]	5:3	1	6
7	560083	560364	560364	560455	[1, 1, 0, 0, 1, 0, 0, 0]	3:5	1	5678
7	560364	560455	609614	609644	[1, 1, 0, 0, 1, 1, 0, 0]	4:4	252	6
7	609614	609644	609732	609750	[1, 1, 0, 0, 1, 0, 1, 1]	5:3	5	678
7	609732	609750	609760	609887	[1, 1, 0, 0, 0, 0, 1, 1]	4:4	2	5
7	609760	609887	609958	610218	[1, 1, 0, 0, 1, 0, 1, 1]	5:3	4	5
7	609958	610218	635353	635861	[1, 1, 0, 0, 0, 0, 1, 1]	4:4	165	5
7	635353	635861	635861	636660	[1, 1, 0, 1, 0, 0, 1, 1]	5:3	1	4
7	635861	636660	701596	701914	[1, 1, 0, 0, 0, 0, 1, 1]	4:4	425	4
7	701596	701914	702791	703157	[1, 1, 1, 1, 0, 0, 1, 1]	6:2	11	34
7	702791	703157	703157	703857	[1, 1, 0, 1, 0, 0, 1, 1]	5:3	1	3
7	703157	703857	733970	733979	[1, 1, 0, 0, 0, 0, 1, 1]	4:4	177	4
7	733970	733979	734123	734330	[0, 0, 0, 0, 0, 0, 1, 1]	2:6	2	12
7	734123	734330	734330	734573	[1, 1, 1, 0, 0, 0, 1, 1]	5:3	1	123
7	734330	734573	734573	734668	[0, 0, 0, 0, 0, 0, 1, 1]	2:6	1	123
7	734573	734668	799970	800086	[0, 0, 1, 1, 0, 0, 1, 1]	4:4	472	34
7	799970	800086	800171	800442	[0, 0, 0, 1, 0, 0, 1, 1]	3:5	3	3
7	800171	800442	802550	803156	[0, 0, 1, 0, 0, 0, 1, 1]	3:5	7	34
7	802550	803156	803311	803780	[0, 1, 0, 0, 0, 0, 1, 1]	3:5	3	23
7	803311	803780	848452	848688	[1, 1, 0, 0, 0, 0, 1, 1]	4:4	216	1
7	848452	848688	848688	849134	[1, 1, 1, 0, 0, 0, 1, 1]	5:3	1	3
7	848688	849134	849504	849524	[0, 1, 0, 0, 0, 0, 1, 1]	3:5	4	13
7	849504	849524	849533	849571	[1, 1, 0, 0, 0, 0, 1, 1]	4:4	2	1
7	849533	849571	850043	850236	[0, 1, 0, 0, 0, 0, 1, 1]	3:5	6	1
7	850043	850236	913000	913222	[1, 1, 0, 0, 0, 0, 1, 1]	4:4	347	1
7	913000	913222	913222	913393	[1, 1, 1, 0, 0, 0, 0, 0]	3:5	1	378
7	913222	913393	913393	913982	[1, 1, 1, 0, 0, 0, 1, 1]	5:3	1	78
7	913393	913982	913983	914066	[1, 1, 0, 0, 0, 0, 1, 1]	4:4	2	3
7	913983	914066	914107	914517	[1, 1, 1, 0, 0, 0, 1, 1]	5:3	2	3
7	914107	914517	914538	914816	[1, 1, 1, 0, 0, 0, 0, 0]	3:5	2	78
7	914538	914816	914816	915691	[1, 1, 1, 0, 0, 0, 1, 1]	5:3	1	78
7	914816	915691	915939	916059	[1, 1, 0, 1, 0, 0, 1, 1]	5:3	2	34
7	915939	916059	948202	949014	[1, 1, 0, 0, 0, 0, 1, 1]	4:4	142	4
7	948202	949014	949432	949462	[1, 1, 0, 0, 0, 0, 0, 0]	2:6	3	78
7	949432	949462	950156	950426	[1, 1, 0, 0, 1, 1, 0, 0]	4:4	7	56
7	950156	950426	950926	951196	[1, 1, 0, 0, 1, 0, 0, 0]	3:5	3	6
7	950926	951196	1050064	1050446	[1, 1, 0, 0, 1, 1, 0, 0]	4:4	636	6
7	1050064	1050446	1050446	1051057	[0, 0, 0, 0, 1, 1, 0, 0]	2:6	1	12
7	1050446	1051057	1051093	1051973	[0, 0, 0, 0, 1, 1, 1, 1]	4:4	2	78
7	1051093	1051973	1052107	1052468	[1, 1, 0, 0, 1, 1, 1, 1]	6:2	4	12
7	1052107	1052468	1064130	1090940	[1, 1, 0, 0, 0, 0, 1, 1]	4:4	53	56
8	1	7057	81320	81666	[0, 0, 0, 0, 1, 1, 1, 1]	4:4	626	0
8	81320	81666	81685	82351	[0, 0, 0, 0, 0, 0, 1, 1]	2:6	2	56
8	81685	82351	98484	98622	[1, 1, 0, 0, 0, 0, 1, 1]	4:4	86	12
8	98484	98622	98643	99089	[1, 1, 0, 0, 0, 1, 1, 1]	5:3	2	6
8	98643	99089	120445	121477	[1, 1, 0, 0, 0, 0, 1, 1]	4:4	112	6
8	120445	121477	121618	121987	[1, 1, 0, 0, 1, 0, 1, 1]	5:3	2	5
8	121618	121987	122169	122633	[0, 0, 0, 0, 1, 0, 1, 1]	3:5	2	12
8	122169	122633	122655	122848	[1, 1, 0, 0, 1, 1, 1, 1]	6:2	3	126
8	122655	122848	195826	195949	[0, 0, 0, 0, 1, 1, 1, 1]	4:4	406	12
8	195826	195949	196180	196402	[0, 0, 1, 1, 1, 1, 1, 1]	6:2	3	34
8	196180	196402	267804	268308	[0, 0, 1, 1, 0, 0, 1, 1]	4:4	377	56
8	267804	268308	269494	270272	[0, 1, 1, 1, 0, 0, 0, 0]	3:5	3	278
8	269494	270272	272512	273164	[0, 0, 1, 1, 0, 0, 0, 0]	2:6	4	2
8	272512	273164	369483	369871	[0, 0, 1, 1, 0, 0, 1, 1]	4:4	417	78
8	369483	369871	369898	370655	[0, 0, 1, 1, 0, 0, 0, 0]	2:6	2	78
8	369898	370655	371268	371744	[0, 0, 1, 1, 0, 0, 1, 1]	4:4	7	78
8	371268	371744	371744	371815	[1, 0, 1, 1, 0, 0, 1, 1]	5:3	1	1
8	371744	371815	378234	378579	[0, 0, 1, 1, 0, 0, 1, 1]	4:4	53	1
8	378234	378579	378618	378642	[0, 0, 0, 0, 1, 1, 1, 1]	4:4	2	3456
8	378618	378642	378642	378942	[0, 0, 1, 1, 1, 1, 1, 1]	6:2	1	34
8	378642	378942	399043	399050	[0, 0, 0, 0, 1, 1, 1, 1]	4:4	102	34
8	399043	399050	399050	399235	[0, 0, 1, 0, 1, 1, 1, 1]	5:3	1	3
8	399050	399235	510752	510778	[0, 0, 0, 0, 1, 1, 1, 1]	4:4	670	3
8	510752	510778	510910	510985	[0, 1, 0, 0, 1, 1, 1, 1]	5:3	4	2
8	510910	510985	511546	511654	[0, 0, 0, 0, 1, 1, 1, 1]	4:4	3	2
8	511546	511654	511654	511765	[0, 1, 0, 0, 1, 1, 1, 1]	5:3	1	2
8	511654	511765	512291	512682	[1, 1, 0, 0, 1, 1, 1, 1]	6:2	4	1
8	512291	512682	516468	516616	[1, 1, 0, 0, 1, 1, 0, 0]	4:4	15	78
8	516468	516616	516616	516651	[1, 1, 0, 0, 0, 0, 0, 0]	2:6	1	56
8	516616	516651	516651	516779	[1, 1, 0, 0, 1, 0, 0, 0]	3:5	1	5
8	516651	516779	516811	516908	[1, 1, 0, 0, 0, 0, 0, 0]	2:6	3	5
8	516811	516908	517036	517336	[1, 1, 0, 0, 1, 0, 0, 0]	3:5	4	5
8	517036	517336	525505	562643	[1, 1, 0, 0, 1, 1, 0, 0]	4:4	101	6
9	1	26226	37222	39367	[1, 1, 1, 1, 0, 0, 0, 0]	4:4	205	0
9	37222	39367	39373	39393	[0, 0, 1, 1, 0, 0, 0, 0]	2:6	2	12
9	39373	39393	41223	41276	[0, 1, 1, 1, 0, 0, 0, 0]	3:5	10	2
9	41223	41276	41276	41337	[0, 0, 1, 1, 0, 0, 0, 0]	2:6	1	2
9	41276	41337	41664	41898	[0, 1, 1, 1, 0, 0, 0, 0]	3:5	6	2
9	41664	41898	42866	43949	[1, 0, 1, 1, 0, 0, 0, 0]	3:5	6	12
9	42866	43949	46174	46556	[0, 0, 1, 1, 0, 0, 1, 1]	4:4	16	178
9	46174	46556	48252	48606	[0, 0, 1, 1, 1, 0, 1, 1]	5:3	13	5
9	48252	48606	60879	61323	[0, 0, 1, 1, 0, 0, 1, 1]	4:4	57	5
9	60879	61323	62057	62207	[0, 0, 0, 1, 0, 0, 1, 1]	3:5	4	3
9	62057	62207	166074	166116	[0, 0, 1, 1, 0, 0, 1, 1]	4:4	613	3
9	166074	166116	166778	166805	[1, 1, 1, 0, 0, 0, 1, 1]	5:3	8	124
9	166778	166805	166934	167971	[1, 0, 1, 0, 0, 0, 1, 1]	4:4*	3	2
9	166934	167971	169444	169471	[1, 1, 1, 0, 0, 0, 1, 1]	5:3	11	2
9	169444	169471	175126	175167	[1, 1, 0, 0, 0, 0, 1, 1]	4:4	40	3
9	175126	175167	175368	175738	[1, 1, 0, 0, 0, 1, 1, 1]	5:3	3	6
9	175368	175738	176578	177082	[0, 0, 0, 0, 0, 1, 1, 1]	3:5	7	12
9	176578	177082	303489	303983	[0, 0, 0, 0, 1, 1, 1, 1]	4:4	538	5
9	303489	303983	424642	424776	[1, 1, 0, 0, 0, 0, 1, 1]	4:4	752	1256
9	424642	424776	424776	424866	[1, 1, 0, 0, 0, 1, 0, 0]	3:5	1	678
9	424776	424866	430585	439888	[1, 1, 0, 0, 1, 1, 0, 0]	4:4	68	5
10	1	21499	54311	54420	[1, 1, 0, 0, 1, 1, 0, 0]	4:4	189	0
10	54311	54420	54420	54825	[1, 0, 0, 0, 1, 1, 0, 0]	3:5	1	2
10	54420	54825	66411	67353	[1, 1, 0, 0, 1, 1, 0, 0]	4:4	50	2
10	66411	67353	67457	68438	[1, 1, 0, 0, 1, 1, 1, 1]	6:2	5	78
10	67457	68438	70072	70786	[0, 1, 0, 0, 1, 1, 1, 1]	5:3	11	1
10	70072	70786	146059	146367	[0, 0, 0, 0, 1, 1, 1, 1]	4:4	443	2
10	146059	146367	147143	147445	[0, 0, 1, 0, 1, 1, 1, 1]	5:3	13	3
10	147143	147445	183834	184128	[0, 0, 0, 0, 1, 1, 1, 1]	4:4	221	3
10	183834	184128	184128	184212	[0, 0, 0, 1, 1, 1, 0, 0]	3:5	1	478
10	184128	184212	184212	184350	[0, 0, 1, 1, 1, 1, 0, 0]	4:4	1	3
10	184212	184350	184439	184592	[0, 0, 0, 1, 1, 1, 0, 0]	3:5	4	3
10	184439	184592	189441	190275	[0, 0, 1, 1, 1, 1, 0, 0]	4:4	27	3
10	189441	190275	190298	191249	[1, 0, 1, 1, 1, 1, 0, 0]	5:3	2	1
10	190298	191249	191458	191621	[1, 1, 0, 0, 1, 1, 0, 0]	4:4	6	234
10	191458	191621	192156	192956	[1, 1, 1, 0, 1, 1, 0, 0]	5:3	2	3
10	192156	192956	302207	302882	[1, 1, 0, 0, 1, 1, 0, 0]	4:4	754	3
10	302207	302882	302943	303003	[0, 1, 0, 0, 1, 1, 1, 1]	5:3	3	178
10	302943	303003	331024	332595	[0, 0, 0, 0, 1, 1, 1, 1]	4:4	166	2
10	331024	332595	332945	333136	[1, 0, 0, 0, 1, 1, 0, 0]	3:5	7	178
10	332945	333136	333136	333385	[0, 0, 0, 0, 1, 1, 0, 0]	2:6	1	1
10	333136	333385	360588	360746	[1, 1, 0, 0, 1, 1, 0, 0]	4:4	158	12
10	360588	360746	360746	360767	[1, 1, 1, 0, 1, 1, 0, 0]	5:3	1	3
10	360746	360767	398357	398746	[1, 1, 0, 0, 1, 1, 0, 0]	4:4	163	3
10	398357	398746	398746	398997	[1, 0, 0, 0, 1, 1, 0, 0]	3:5	1	2
10	398746	398997	399390	400622	[0, 0, 0, 1, 1, 1, 0, 0]	3:5	2	14
10	399390	400622	453451	454963	[0, 0, 1, 1, 1, 1, 0, 0]	4:4	168	3
10	453451	454963	454963	455260	[0, 0, 1, 1, 1, 0, 0, 0]	3:5	1	6
10	454963	455260	455390	455506	[0, 0, 1, 1, 0, 0, 1, 1]	4:4	2	578
10	455390	455506	455506	456781	[0, 0, 1, 1, 0, 1, 0, 0]	3:5	1	678
10	455506	456781	544523	545038	[0, 0, 1, 1, 1, 1, 0, 0]	4:4	246	5
10	544523	545038	546103	546527	[0, 0, 1, 0, 1, 1, 0, 0]	3:5	4	4
10	546103	546527	547200	547730	[1, 1, 1, 0, 1, 1, 0, 0]	5:3	4	12
10	547200	547730	585466	586827	[1, 1, 0, 0, 1, 1, 0, 0]	4:4	150	3
10	585466	586827	587401	587592	[1, 1, 0, 1, 1, 1, 0, 0]	5:3	3	4
10	587401	587592	587861	589894	[1, 1, 1, 0, 1, 1, 0, 0]	5:3	5	34
10	587861	589894	704056	704425	[1, 1, 0, 0, 1, 1, 0, 0]	4:4	474	3
10	704056	704425	705014	705235	[1, 1, 0, 0, 1, 1, 1, 1]	6:2	10	78
10	705014	705235	705865	705917	[1, 1, 0, 0, 1, 0, 1, 1]	5:3	4	6
10	705865	705917	705920	705938	[1, 1, 0, 0, 1, 1, 1, 1]	6:2	2	6
10	705920	705938	705938	706135	[1, 1, 0, 0, 1, 0, 1, 1]	5:3	1	6
10	705938	706135	722676	723534	[1, 1, 0, 0, 0, 0, 1, 1]	4:4	127	5
10	722676	723534	724642	724657	[1, 1, 1, 0, 0, 0, 0, 0]	3:5	18	378
10	724642	724657	724657	724710	[1, 1, 1, 1, 0, 0, 0, 0]	4:4	1	4
10	724657	724710	724820	724826	[1, 1, 1, 0, 0, 0, 0, 0]	3:5	5	4
10	724820	724826	724826	724901	[1, 1, 0, 0, 0, 0, 0, 0]	2:6	1	3
10	724826	724901	725020	725123	[1, 1, 1, 0, 0, 0, 0, 0]	3:5	3	3
10	725020	725123	725123	725433	[1, 1, 0, 0, 0, 0, 1, 1]	4:4	1	378
10	725123	725433	725475	725492	[1, 1, 1, 0, 0, 0, 1, 1]	5:3	2	3
10	725475	725492	725933	745751	[1, 1, 0, 0, 0, 0, 1, 1]	4:4	7	3
11	1	3393	19020	19855	[0, 0, 0, 0, 1, 1, 1, 1]	4:4	34	0
11	19020	19855	20761	20824	[1, 1, 0, 0, 0, 0, 1, 1]	4:4	15	1256
11	20761	20824	20824	20955	[1, 0, 0, 0, 0, 0, 1, 1]	3:5	1	2
11	20824	20955	73320	73701	[1, 1, 0, 0, 0, 0, 1, 1]	4:4	164	2
11	73320	73701	73701	74074	[0, 1, 0, 0, 1, 1, 1, 1]	5:3	1	156
11	73701	74074	172715	173133	[0, 0, 0, 0, 1, 1, 1, 1]	4:4	361	2
11	172715	173133	173315	173801	[0, 0, 1, 1, 1, 1, 1, 1]	6:2	2	34
11	173315	173801	316845	317019	[0, 0, 1, 1, 1, 1, 0, 0]	4:4	678	78
11	316845	317019	317104	317375	[1, 0, 1, 1, 1, 1, 0, 0]	5:3	3	1
11	317104	317375	369378	369689	[1, 1, 1, 1, 0, 0, 0, 0]	4:4	369	256
11	369378	369689	369689	369878	[1, 1, 1, 1, 0, 0, 1, 1]	6:2	1	78
11	369689	369878	428081	428986	[1, 1, 1, 1, 0, 0, 0, 0]	4:4	287	78
11	428081	428986	429005	429079	[0, 1, 1, 1, 1, 0, 0, 0]	4:4*	2	15
11	429005	429079	429143	429210	[0, 1, 1, 1, 1, 1, 0, 0]	5:3	3	6
11	429143	429210	429694	429883	[0, 0, 1, 1, 1, 0, 0, 0]	3:5	7	26
11	429694	429883	477776	479195	[0, 0, 1, 1, 1, 1, 0, 0]	4:4	313	6
11	477776	479195	479195	479521	[0, 0, 1, 1, 1, 1, 1, 1]	6:2	1	78
11	479195	479521	506430	506614	[0, 0, 1, 1, 1, 1, 0, 0]	4:4	126	78
11	506430	506614	506614	506729	[0, 0, 1, 1, 0, 1, 0, 0]	3:5	1	5
11	506614	506729	573530	574134	[0, 0, 1, 1, 1, 1, 0, 0]	4:4	393	5
11	573530	574134	575852	576492	[1, 0, 1, 1, 1, 1, 0, 0]	5:3	13	1
11	575852	576492	576522	576537	[1, 1, 1, 1, 1, 1, 0, 0]	6:2	4	2
11	576522	576537	576537	576947	[1, 0, 1, 1, 1, 1, 0, 0]	5:3	1	2
11	576537	576947	577779	578230	[1, 0, 1, 1, 0, 0, 0, 0]	3:5	4	56
11	577779	578230	614450	614538	[1, 1, 1, 1, 0, 0, 0, 0]	4:4	187	2
11	614450	614538	615361	615437	[1, 1, 0, 1, 0, 0, 1, 1]	5:3	5	378
11	615361	615437	619375	619475	[1, 1, 1, 1, 0, 0, 0, 0]	4:4	23	378
11	619375	619475	620085	620113	[1, 1, 0, 0, 0, 0, 0, 0]	2:6	9	34
11	620085	620113	620113	620500	[1, 1, 0, 0, 0, 0, 1, 1]	4:4	1	78
11	620113	620500	620968	621343	[1, 1, 0, 0, 0, 0, 0, 0]	2:6	5	78
11	620968	621343	658549	666816	[1, 1, 0, 0, 0, 0, 1, 1]	4:4	191	78
12	1	13969	45294	47080	[0, 0, 0, 0, 1, 1, 1, 1]	4:4	201	0
12	45294	47080	47080	47204	[0, 0, 0, 0, 1, 1, 0, 0]	2:6	1	78
12	47080	47204	47204	48661	[1, 0, 0, 0, 1, 1, 0, 0]	3:5	1	1
12	47204	48661	112405	112468	[1, 1, 0, 0, 1, 1, 0, 0]	4:4	412	2
12	112405	112468	112468	112502	[1, 1, 0, 0, 1, 1, 1, 1]	6:2	1	78
12	112468	112502	112663	112689	[1, 1, 0, 0, 1, 0, 1, 1]	5:3	11	6
12	112663	112689	223258	223495	[1, 1, 0, 0, 0, 0, 1, 1]	4:4	589	5
12	223258	223495	224193	224218	[1, 0, 0, 0, 0, 0, 1, 1]	3:5	9	2
12	224193	224218	224239	224270	[0, 0, 0, 0, 0, 0, 1, 1]	2:6	4	1
12	224239	224270	224270	225174	[1, 0, 0, 0, 0, 0, 1, 1]	3:5	1	1
12	224270	225174	225265	225620	[1, 1, 0, 0, 0, 0, 1, 1]	4:4	4	2
12	225265	225620	225620	225795	[1, 1, 0, 0, 1, 0, 0, 0]	3:5	1	578
12	225620	225795	230218	230960	[1, 1, 0, 0, 1, 1, 0, 0]	4:4	38	6
12	230218	230960	230960	231106	[1, 1, 1, 1, 1, 1, 0, 0]	6:2	1	34
12	230960	231106	231692	232046	[1, 1, 1, 1, 0, 0, 0, 0]	4:4	2	56
12	231692	232046	232208	232239	[1, 1, 1, 1, 1, 0, 0, 0]	5:3	2	5
12	232208	232239	232264	232468	[1, 1, 1, 1, 0, 0, 0, 0]	4:4	2	5
12	232264	232468	232471	232561	[1, 1, 1, 1, 1, 0, 0, 0]	5:3	3	5
12	232471	232561	232561	233075	[1, 1, 1, 1, 1, 1, 0, 0]	6:2	1	6
12	232561	233075	314478	314762	[1, 1, 1, 1, 0, 0, 0, 0]	4:4	387	56
12	314478	314762	315048	315348	[1, 1, 0, 1, 0, 0, 0, 0]	3:5	3	3
12	315048	315348	315383	315642	[1, 1, 1, 1, 0, 0, 0, 0]	4:4	2	3
12	315383	315642	315642	316064	[1, 1, 0, 1, 0, 0, 0, 0]	3:5	1	3
12	315642	316064	316064	316223	[1, 1, 0, 0, 0, 0, 0, 0]	2:6	1	4
12	316064	316223	316496	316628	[1, 1, 1, 0, 0, 0, 0, 0]	3:5	3	3
12	316496	316628	341070	341507	[1, 1, 1, 1, 0, 0, 0, 0]	4:4	84	4
12	341070	341507	439951	440042	[1, 1, 0, 0, 0, 0, 1, 1]	4:4	770	3478
12	439951	440042	440042	440337	[1, 1, 1, 0, 0, 0, 1, 1]	5:3	1	3
12	440042	440337	440337	440342	[1, 1, 1, 1, 0, 0, 1, 1]	6:2	1	4
12	440337	440342	440342	440952	[1, 1, 1, 0, 0, 0, 1, 1]	5:3	1	4
12	440342	440952	445923	446046	[1, 1, 0, 0, 0, 0, 1, 1]	4:4	27	3
12	445923	446046	447260	447548	[1, 1, 0, 0, 0, 1, 1, 1]	5:3	6	6
12	447260	447548	447548	447968	[1, 1, 0, 0, 0, 0, 1, 1]	4:4	1	6
12	447548	447968	447993	448167	[1, 1, 0, 0, 1, 0, 1, 1]	5:3	2	5
12	447993	448167	601489	601624	[1, 1, 0, 0, 0, 0, 1, 1]	4:4	535	5
12	601489	601624	603159	603216	[1, 1, 1, 1, 0, 0, 1, 1]	6:2	18	34
12	603159	603216	603325	603374	[1, 1, 0, 1, 0, 0, 1, 1]	5:3	4	3
12	603325	603374	603374	603584	[1, 1, 1, 1, 0, 0, 1, 1]	6:2	1	3
12	603374	603584	603656	603693	[1, 1, 0, 1, 0, 0, 1, 1]	5:3	2	3
12	603656	603693	603693	603907	[1, 1, 1, 1, 0, 0, 1, 1]	6:2	1	3
12	603693	603907	644551	645338	[1, 1, 0, 0, 0, 0, 1, 1]	4:4	232	34
12	644551	645338	645452	645754	[0, 1, 0, 0, 0, 0, 1, 1]	3:5	2	1
12	645452	645754	645971	646705	[0, 0, 0, 0, 0, 0, 1, 1]	2:6	3	2
12	645971	646705	677815	677890	[1, 1, 0, 0, 0, 0, 1, 1]	4:4	148	12
12	677815	677890	678194	678512	[0, 0, 0, 0, 0, 0, 1, 1]	2:6	4	12
12	678194	678512	849651	854761	[0, 0, 0, 0, 1, 1, 1, 1]	4:4	732	56
12	849651	854761	854846	855144	[0, 0, 1, 0, 1, 1, 0, 0]	3:5	2	378
12	854846	855144	1013592	1014017	[0, 0, 1, 1, 1, 1, 0, 0]	4:4	481	4
12	1013592	1014017	1014017	1014198	[0, 0, 1, 1, 0, 0, 1, 1]	4:4	1	5678
12	1014017	1014198	1014198	1014227	[0, 0, 1, 1, 0, 0, 0, 0]	2:6	1	78
12	1014198	1014227	1014227	1014332	[0, 0, 1, 1, 1, 0, 0, 0]	3:5	1	5
12	1014227	1014332	1014437	1014538	[0, 0, 1, 1, 0, 0, 1, 1]	4:4	2	578
12	1014437	1014538	1014541	1014649	[0, 0, 1, 1, 0, 0, 0, 0]	2:6	2	78
12	1014541	1014649	1015598	1015774	[0, 0, 1, 1, 0, 1, 0, 0]	3:5	6	6
12	1015598	1015774	1059350	1078177	[0, 0, 1, 1, 1, 1, 0, 0]	4:4	220	5
13	1	8537	45656	45908	[0, 0, 1, 1, 0, 0, 1, 1]	4:4	218	0
13	45656	45908	46032	46074	[0, 0, 1, 1, 0, 0, 0, 0]	2:6	3	78
13	46032	46074	46860	48814	[1, 0, 1, 1, 0, 0, 0, 0]	3:5	6	1
13	46860	48814	51358	51433	[1, 1, 1, 1, 0, 0, 0, 0]	4:4	16	2
13	51358	51433	51433	51596	[1, 1, 1, 1, 0, 1, 0, 0]	5:3	1	6
13	51433	51596	101569	101681	[1, 1, 1, 1, 0, 0, 0, 0]	4:4	288	6
13	101569	101681	102104	102269	[1, 1, 1, 1, 1, 0, 0, 0]	5:3	5	5
13	102104	102269	102269	102320	[1, 1, 1, 1, 0, 0, 0, 0]	4:4	1	5
13	102269	102320	102320	102554	[1, 1, 1, 1, 1, 0, 0, 0]	5:3	1	5
13	102320	102554	157807	159085	[1, 1, 1, 1, 0, 0, 0, 0]	4:4	228	5
13	157807	159085	159950	160037	[1, 1, 0, 0, 0, 0, 0, 0]	2:6	8	34
13	159950	160037	160280	160611	[1, 1, 0, 1, 0, 0, 0, 0]	3:5	4	4
13	160280	160611	169522	169808	[1, 1, 0, 0, 0, 0, 1, 1]	4:4	51	478
13	169522	169808	169962	170932	[1, 1, 0, 0, 0, 0, 0, 0]	2:6	2	78
13	169962	170932	228322	228901	[1, 1, 0, 0, 0, 0, 1, 1]	4:4	260	78
13	228322	228901	229206	229539	[1, 1, 0, 0, 0, 1, 1, 1]	5:3	2	6
13	229206	229539	287574	287682	[1, 1, 0, 0, 0, 0, 1, 1]	4:4	227	6
13	287574	287682	456970	457507	[0, 0, 1, 1, 0, 0, 1, 1]	4:4	906	1234
13	456970	457507	458051	458330	[1, 0, 1, 1, 0, 0, 1, 1]	5:3	3	1
13	458051	458330	458513	459192	[1, 1, 1, 1, 0, 0, 1, 1]	6:2	5	2
13	458513	459192	496640	496721	[1, 1, 1, 1, 0, 0, 0, 0]	4:4	186	78
13	496640	496721	496739	496955	[1, 0, 1, 1, 0, 0, 0, 0]	3:5	2	2
13	496739	496955	540526	540798	[1, 1, 1, 1, 0, 0, 0, 0]	4:4	230	2
13	540526	540798	540798	541071	[1, 1, 1, 1, 0, 0, 1, 1]	6:2	1	78
13	540798	541071	541852	542119	[1, 1, 1, 1, 0, 0, 0, 0]	4:4	11	78
13	541852	542119	542298	542389	[1, 1, 1, 1, 0, 0, 1, 1]	6:2	4	78
13	542298	542389	542389	542587	[1, 1, 1, 1, 0, 0, 0, 0]	4:4	1	78
13	542389	542587	542587	542953	[1, 1, 1, 1, 0, 0, 1, 1]	6:2	1	78
13	542587	542953	543392	543706	[1, 1, 1, 0, 0, 0, 0, 0]	3:5	4	478
13	543392	543706	590865	591615	[1, 1, 0, 0, 0, 0, 1, 1]	4:4	219	378
13	590865	591615	591615	592775	[1, 1, 0, 0, 0, 0, 0, 0]	2:6	1	78
13	591615	592775	592777	593048	[1, 1, 0, 0, 1, 1, 0, 0]	4:4	2	56
13	592777	593048	593072	593361	[1, 1, 0, 0, 0, 1, 0, 0]	3:5	2	5
13	593072	593361	618075	618182	[1, 1, 0, 0, 1, 1, 0, 0]	4:4	139	5
13	618075	618182	618182	618249	[1, 1, 0, 0, 1, 0, 0, 0]	3:5	1	6
13	618182	618249	666220	666667	[1, 1, 0, 0, 1, 1, 0, 0]	4:4	252	6
13	666220	666667	666667	666892	[0, 0, 0, 0, 1, 1, 1, 1]	4:4	1	1278
13	666667	666892	667024	667065	[0, 1, 0, 0, 1, 1, 1, 1]	5:3	3	2
13	667024	667065	667202	667456	[0, 0, 0, 0, 1, 1, 1, 1]	4:4	2	2
13	667202	667456	667511	667766	[0, 1, 0, 0, 1, 1, 1, 1]	5:3	4	2
13	667511	667766	772587	773055	[0, 0, 0, 0, 1, 1, 1, 1]	4:4	660	2
13	772587	773055	773109	773252	[1, 1, 0, 0, 1, 1, 0, 0]	4:4	2	1278
13	773109	773252	773268	773415	[1, 0, 0, 0, 1, 1, 0, 0]	3:5	2	2
13	773268	773415	820241	820753	[1, 1, 0, 0, 1, 1, 0, 0]	4:4	358	2
13	820241	820753	821125	821368	[0, 1, 1, 1, 1, 1, 0, 0]	5:3	2	134
13	821125	821368	838248	838336	[0, 0, 1, 1, 1, 1, 0, 0]	4:4	86	2
13	838248	838336	838336	838867	[0, 0, 0, 0, 1, 1, 0, 0]	2:6	1	34
13	838336	838867	917449	924431	[0, 0, 0, 0, 1, 1, 1, 1]	4:4	392	78
14	1	17582	32426	34396	[0, 0, 0, 0, 1, 1, 1, 1]	4:4	52	0
14	32426	34396	34412	34467	[0, 0, 0, 1, 1, 1, 1, 1]	5:3	2	4
14	34412	34467	56038	57439	[0, 0, 0, 0, 1, 1, 1, 1]	4:4	70	4
14	56038	57439	57439	57579	[0, 0, 0, 0, 0, 0, 1, 1]	2:6	1	56
14	57439	57579	116131	116459	[0, 0, 1, 1, 0, 0, 1, 1]	4:4	327	34
14	116131	116459	116892	116973	[0, 0, 1, 0, 0, 0, 1, 1]	3:5	5	4
14	116892	116973	117055	117101	[0, 0, 1, 1, 0, 0, 1, 1]	4:4	3	4
14	117055	117101	118803	119128	[0, 0, 0, 1, 0, 0, 1, 1]	3:5	13	3
14	118803	119128	136113	136144	[0, 0, 0, 0, 1, 1, 1, 1]	4:4	118	456
14	136113	136144	136375	136579	[0, 0, 1, 0, 1, 1, 1, 1]	5:3	4	3
14	136375	136579	166733	167934	[0, 0, 0, 0, 1, 1, 1, 1]	4:4	213	3
14	166733	167934	169290	169455	[0, 0, 0, 0, 0, 1, 1, 1]	3:5	10	5
14	169290	169455	169998	170087	[0, 0, 0, 0, 1, 0, 1, 1]	3:5	4	56
14	169998	170087	190429	190588	[0, 0, 0, 0, 1, 1, 1, 1]	4:4	110	6
14	190429	190588	190964	191137	[0, 0, 0, 0, 0, 0, 1, 1]	2:6	3	56
14	190964	191137	191916	192676	[0, 1, 0, 0, 0, 0, 1, 1]	3:5	7	2
14	191916	192676	192780	193106	[0, 1, 1, 0, 0, 0, 1, 1]	4:4*	2	3
14	192780	193106	307665	307785	[0, 0, 1, 1, 0, 0, 1, 1]	4:4	668	24
14	307665	307785	307827	307920	[0, 1, 1, 1, 0, 0, 1, 1]	5:3	2	2
14	307827	307920	307920	308154	[1, 1, 1, 1, 0, 0, 1, 1]	6:2	1	1
14	307920	308154	308673	309212	[0, 1, 1, 1, 0, 0, 1, 1]	5:3	9	1
14	308673	309212	309497	309823	[1, 1, 1, 1, 0, 0, 1, 1]	6:2	4	1
14	309497	309823	310181	310493	[0, 1, 1, 1, 0, 0, 1, 1]	5:3	4	1
14	310181	310493	310493	310625	[1, 1, 1, 1, 0, 0, 1, 1]	6:2	1	1
14	310493	310625	311614	311670	[1, 0, 1, 1, 0, 0, 1, 1]	5:3	8	2
14	311614	311670	311673	312312	[1, 1, 1, 1, 0, 0, 1, 1]	6:2	2	2
14	311673	312312	331699	331790	[0, 0, 1, 1, 0, 0, 1, 1]	4:4	105	12
14	331699	331790	331790	332278	[0, 0, 1, 1, 0, 0, 0, 0]	2:6	1	78
14	331790	332278	335707	335910	[0, 0, 1, 1, 0, 0, 1, 1]	4:4	20	78
14	335707	335910	335910	335947	[0, 0, 1, 1, 1, 0, 1, 1]	5:3	1	5
14	335910	335947	336158	336414	[0, 0, 1, 1, 0, 0, 1, 1]	4:4	2	5
14	336158	336414	336414	336437	[0, 0, 1, 1, 0, 1, 1, 1]	5:3	1	6
14	336414	336437	372088	372101	[0, 0, 1, 1, 0, 0, 1, 1]	4:4	241	6
14	372088	372101	372259	372616	[0, 0, 1, 0, 0, 0, 1, 1]	3:5	3	4
14	372259	372616	373375	373628	[0, 0, 1, 0, 1, 1, 1, 1]	5:3	6	56
14	373375	373628	410941	411667	[0, 0, 0, 0, 1, 1, 1, 1]	4:4	134	3
14	410941	411667	412378	412400	[0, 0, 0, 0, 0, 1, 1, 1]	3:5	10	5
14	412378	412400	412406	412417	[0, 0, 0, 0, 0, 0, 1, 1]	2:6	3	6
14	412406	412417	412526	412555	[0, 0, 0, 0, 0, 1, 1, 1]	3:5	5	6
14	412526	412555	412609	413686	[0, 0, 0, 0, 0, 0, 1, 1]	2:6	7	6
14	412609	413686	487393	487663	[1, 1, 0, 0, 0, 0, 1, 1]	4:4	289	12
14	487393	487663	487991	488208	[0, 0, 0, 0, 1, 1, 1, 1]	4:4	5	1256
14	487991	488208	488208	488587	[1, 1, 0, 0, 1, 1, 1, 1]	6:2	1	12
14	488208	488587	549663	550069	[0, 0, 0, 0, 1, 1, 1, 1]	4:4	286	12
14	549663	550069	550773	551646	[0, 0, 0, 0, 0, 1, 1, 1]	3:5	2	5
14	550773	551646	551646	552035	[1, 1, 0, 0, 0, 1, 1, 1]	5:3	1	12
14	551646	552035	552035	552259	[1, 1, 0, 0, 0, 0, 1, 1]	4:4	1	6
14	552035	552259	553809	554217	[1, 1, 0, 0, 0, 1, 1, 1]	5:3	9	6
14	553809	554217	574949	575525	[1, 1, 0, 0, 0, 0, 1, 1]	4:4	38	6
14	574949	575525	575525	576199	[1, 1, 0, 0, 0, 0, 0, 0]	2:6	1	78
14	575525	576199	576199	576383	[1, 1, 0, 0, 0, 0, 1, 1]	4:4	1	78
14	576199	576383	576383	577027	[1, 1, 0, 0, 0, 0, 0, 0]	2:6	1	78
14	576383	577027	643259	643444	[1, 1, 0, 0, 0, 0, 1, 1]	4:4	172	78
14	643259	643444	643444	643651	[1, 1, 1, 1, 0, 0, 1, 1]	6:2	1	34
14	643444	643651	643956	644271	[1, 1, 0, 0, 0, 0, 1, 1]	4:4	2	34
14	643956	644271	644271	644875	[1, 1, 0, 1, 0, 0, 1, 1]	5:3	1	4
14	644271	644875	689057	689310	[0, 0, 1, 1, 0, 0, 1, 1]	4:4	132	123
14	689057	689310	689310	689558	[0, 0, 0, 0, 0, 0, 1, 1]	2:6	1	34
14	689310	689558	689964	690162	[0, 0, 0, 0, 1, 1, 1, 1]	4:4	5	56
14	689964	690162	690162	690428	[0, 0, 0, 0, 0, 1, 1, 1]	3:5	1	5
14	690162	690428	690428	691115	[0, 0, 0, 0, 1, 0, 1, 1]	3:5	1	56
14	690428	691115	781374	784333	[0, 0, 0, 0, 1, 1, 1, 1]	4:4	669	6
15	1	14803	40593	40834	[0, 0, 1, 1, 0, 0, 1, 1]	4:4	131	0
15	40593	40834	41027	41221	[0, 0, 0, 0, 0, 0, 1, 1]	2:6	2	34
15	41027	41221	41221	41378	[1, 0, 0, 0, 0, 0, 1, 1]	3:5	1	1
15	41221	41378	108331	108945	[1, 1, 0, 0, 0, 0, 1, 1]	4:4	497	2
15	108331	108945	109106	109424	[0, 1, 0, 0, 0, 0, 1, 1]	3:5	5	1
15	109106	109424	109424	109584	[1, 0, 0, 0, 0, 0, 1, 1]	3:5	1	12
15	109424	109584	109584	110892	[0, 0, 0, 0, 0, 0, 1, 1]	2:6	1	1
15	109584	110892	170203	170363	[1, 1, 0, 0, 0, 0, 1, 1]	4:4	239	12
15	170203	170363	170363	170473	[0, 1, 0, 0, 0, 0, 1, 1]	3:5	1	1
15	170363	170473	170473	170671	[1, 1, 0, 0, 0, 0, 1, 1]	4:4	1	1
15	170473	170671	170671	170921	[1, 0, 0, 0, 0, 0, 1, 1]	3:5	1	2
15	170671	170921	170921	171213	[0, 0, 0, 0, 0, 0, 1, 1]	2:6	1	1
15	170921	171213	171849	172081	[0, 1, 0, 0, 0, 0, 1, 1]	3:5	4	2
15	171849	172081	172081	172515	[1, 1, 1, 1, 0, 0, 1, 1]	6:2	1	134
15	172081	172515	205739	205841	[0, 0, 1, 1, 0, 0, 1, 1]	4:4	159	12
15	205739	205841	207252	207320	[0, 0, 1, 1, 0, 1, 1, 1]	5:3	18	6
15	207252	207320	207320	207397	[0, 0, 1, 1, 1, 1, 1, 1]	6:2	1	5
15	207320	207397	207452	207586	[0, 0, 1, 1, 1, 0, 1, 1]	5:3	3	6
15	207452	207586	207586	207629	[0, 0, 1, 1, 0, 0, 1, 1]	4:4	1	5
15	207586	207629	208106	208220	[0, 0, 1, 1, 1, 0, 1, 1]	5:3	5	5
15	208106	208220	242641	242848	[0, 0, 1, 1, 0, 0, 1, 1]	4:4	213	5
15	242641	242848	242848	243025	[0, 0, 1, 1, 0, 1, 1, 1]	5:3	1	6
15	242848	243025	243033	243211	[0, 0, 1, 1, 1, 0, 1, 1]	5:3	2	56
15	243033	243211	243211	243259	[0, 0, 1, 1, 0, 0, 1, 1]	4:4	1	5
15	243211	243259	243335	243831	[0, 0, 1, 1, 1, 0, 1, 1]	5:3	3	5
15	243335	243831	256235	256322	[0, 0, 1, 1, 0, 0, 1, 1]	4:4	60	5
15	256235	256322	256457	256963	[0, 0, 1, 1, 0, 0, 0, 0]	2:6	6	78
15	256457	256963	268456	269276	[0, 0, 1, 1, 0, 0, 1, 1]	4:4	76	78
15	268456	269276	269276	269458	[1, 1, 1, 1, 0, 0, 1, 1]	6:2	1	12
15	269276	269458	269497	269591	[1, 1, 0, 1, 0, 0, 1, 1]	5:3	3	3
15	269497	269591	270526	270656	[1, 1, 1, 1, 0, 0, 1, 1]	6:2	15	3
15	270526	270656	407171	407340	[1, 1, 0, 0, 0, 0, 1, 1]	4:4	838	34
15	407171	407340	407340	407771	[1, 1, 0, 0, 0, 0, 0, 0]	2:6	1	78
15	407340	407771	461434	461644	[1, 1, 0, 0, 1, 1, 0, 0]	4:4	243	56
15	461434	461644	461696	462083	[1, 1, 1, 0, 1, 1, 0, 0]	5:3	4	3
15	461696	462083	462083	462157	[1, 1, 0, 0, 1, 1, 0, 0]	4:4	1	3
15	462083	462157	462267	462906	[1, 1, 1, 1, 1, 1, 0, 0]	6:2	2	34
15	462267	462906	494089	494313	[0, 0, 1, 1, 1, 1, 0, 0]	4:4	150	12
15	494089	494313	494556	494732	[0, 0, 1, 1, 1, 0, 0, 0]	3:5	4	6
15	494556	494732	494734	494794	[0, 0, 1, 1, 1, 1, 0, 0]	4:4	2	6
15	494734	494794	494956	495340	[0, 0, 1, 1, 0, 1, 0, 0]	3:5	3	5
15	494956	495340	510696	511001	[0, 0, 1, 1, 1, 1, 0, 0]	4:4	74	5
15	510696	511001	511476	511568	[1, 1, 1, 1, 1, 1, 0, 0]	6:2	8	12
15	511476	511568	586076	586304	[1, 1, 1, 1, 0, 0, 0, 0]	4:4	261	56
15	586076	586304	586345	586852	[0, 1, 1, 1, 0, 0, 0, 0]	3:5	2	1
15	586345	586852	588171	588409	[1, 0, 1, 1, 0, 0, 0, 0]	3:5	10	12
15	588171	588409	670429	670593	[1, 1, 1, 1, 0, 0, 0, 0]	4:4	427	2
15	670429	670593	670593	670904	[1, 1, 0, 0, 0, 0, 0, 0]	2:6	1	34
15	670593	670904	806960	807123	[1, 1, 0, 0, 1, 1, 0, 0]	4:4	750	56
15	806960	807123	807631	807840	[0, 0, 0, 0, 1, 1, 0, 0]	2:6	6	12
15	807631	807840	985000	985377	[0, 0, 1, 1, 1, 1, 0, 0]	4:4	937	34
15	985000	985377	985377	985518	[0, 0, 1, 1, 1, 1, 1, 1]	6:2	1	78
15	985377	985518	986991	987247	[0, 0, 1, 1, 0, 0, 1, 1]	4:4	11	56
15	986991	987247	987247	987667	[0, 0, 1, 1, 0, 0, 0, 0]	2:6	1	78
15	987247	987667	1070965	1071028	[0, 0, 1, 1, 0, 0, 1, 1]	4:4	590	78
15	1070965	1071028	1071033	1071090	[1, 1, 1, 1, 0, 0, 1, 1]	6:2	3	12
15	1071033	1071090	1071499	1091291	[0, 0, 1, 1, 0, 0, 1, 1]	4:4	16	12
16	1	19406	29458	29604	[0, 0, 0, 0, 1, 1, 1, 1]	4:4	193	0
16	29458	29604	29674	29749	[0, 0, 0, 0, 1, 1, 0, 0]	2:6	2	78
16	29674	29749	63201	63205	[1, 1, 0, 0, 1, 1, 0, 0]	4:4	208	12
16	63201	63205	63205	63216	[1, 1, 1, 0, 1, 1, 0, 0]	5:3	1	3
16	63205	63216	168076	169035	[1, 1, 0, 0, 1, 1, 0, 0]	4:4	646	3
16	168076	169035	169035	169613	[1, 1, 0, 0, 1, 1, 1, 1]	6:2	1	78
16	169035	169613	170349	170630	[1, 1, 0, 0, 1, 1, 0, 0]	4:4	15	78
16	170349	170630	170759	170856	[1, 1, 0, 0, 0, 1, 0, 0]	3:5	5	5
16	170759	170856	170856	170972	[1, 1, 0, 0, 0, 0, 0, 0]	2:6	1	6
16	170856	170972	170972	171075	[1, 1, 0, 0, 0, 1, 0, 0]	3:5	1	6
16	170972	171075	171075	171270	[1, 1, 0, 0, 1, 1, 0, 0]	4:4	1	5
16	171075	171270	171270	171314	[1, 1, 0, 0, 0, 1, 0, 0]	3:5	1	5
16	171270	171314	253297	253600	[1, 1, 0, 0, 0, 0, 1, 1]	4:4	480	678
16	253297	253600	254117	254324	[1, 1, 0, 0, 1, 1, 1, 1]	6:2	13	56
16	254117	254324	374857	375235	[1, 1, 0, 0, 1, 1, 0, 0]	4:4	771	78
16	374857	375235	454587	454982	[0, 0, 0, 0, 1, 1, 1, 1]	4:4	413	1278
16	454587	454982	455359	455657	[0, 0, 0, 1, 1, 1, 1, 1]	5:3	3	4
16	455359	455657	455657	455846	[0, 0, 0, 0, 1, 1, 1, 1]	4:4	1	4
16	455657	455846	455955	456445	[0, 0, 1, 0, 1, 1, 1, 1]	5:3	3	3
16	455955	456445	497140	497162	[0, 0, 0, 0, 1, 1, 1, 1]	4:4	193	3
16	497140	497162	497162	497602	[0, 0, 0, 1, 1, 1, 1, 1]	5:3	1	4
16	497162	497602	497758	497958	[0, 0, 0, 0, 1, 1, 1, 1]	4:4	3	4
16	497758	497958	497997	498200	[0, 0, 1, 1, 1, 1, 1, 1]	6:2	2	34
16	497997	498200	498200	498617	[0, 0, 0, 0, 1, 1, 1, 1]	4:4	1	34
16	498200	498617	607028	607677	[0, 0, 1, 1, 1, 1, 0, 0]	4:4	744	3478
16	607028	607677	677287	677647	[0, 0, 1, 1, 0, 0, 1, 1]	4:4	418	5678
16	677287	677647	677836	678266	[0, 0, 1, 1, 1, 1, 1, 1]	6:2	5	56
16	677836	678266	828891	829002	[0, 0, 1, 1, 1, 1, 0, 0]	4:4	791	78
16	828891	829002	829418	830004	[0, 0, 1, 1, 0, 0, 0, 0]	2:6	6	56
16	829418	830004	831160	831178	[0, 0, 1, 1, 0, 0, 1, 1]	4:4	3	78
16	831160	831178	832297	832403	[0, 0, 1, 0, 0, 0, 1, 1]	3:5	6	4
16	832297	832403	832685	832807	[0, 0, 0, 1, 0, 0, 1, 1]	3:5	3	34
16	832685	832807	921352	921490	[0, 0, 1, 1, 0, 0, 1, 1]	4:4	502	3
16	921352	921490	921845	921998	[0, 0, 1, 1, 0, 0, 0, 0]	2:6	2	78
16	921845	921998	921998	922220	[0, 0, 1, 1, 1, 1, 1, 1]	6:2	1	5678
16	921998	922220	925093	948066	[0, 0, 1, 1, 1, 1, 0, 0]	4:4	41	78
