id	chr	start5	start3	stop5	stop3	type	CO	chromatids	len_min	len_mid	len_max	commande	groupe	seg_len_mid	seg_len_min	seg_len_max	seg_start5	seg_start3	seg_stop5	seg_stop3	nb_snp	segnb_snp	segspaff	nb_seg	classe	PanHpM	GenomeHpM	Obs_Exp_HpM	Notes	CutMin	CutMax	LSB
201	16	63201	63205	63205	63216	5:3	0	1	1	8	14	                      graph_bin_annot3(16,62000,64000,c(3,4))	1	8.0	                      0.0	15.0	63201_63205	63205_63216	63205_168076	63216_169035	1	1	3	1	1	0	1	0		1	1	1
167	14	34396	34396	34412	34467	5:3	0	1	17	44	70	                      graph_bin_annot3(14,33000,35000,c(3,4))	1	1029.0	                      16.0	2041.0	32426_34412	34396_34467	34412_56038	34467_57439	2	2	4	1	1	147.57	6	25.31		1	1	1
120	10	360588	360746	360746	360767	5:3	0	1	1	90	178	                      graph_bin_annot3(10,359000,361000,c(3,4))	1	90.0	                      0.0	179.0	360588_360746	360746_360767	360746_398357	360767_398746	1	1	3	1	1	130.79	15	8.83		1	1	1
103	8	399043	399050	399050	399235	5:3	0	1	1	96	191	                      graph_bin_annot3(8,398000,400000,c(3,4))	1	96.0	                      0.0	192.0	399043_399050	399050_399235	399050_510752	399235_510778	1	1	3	1	1	0.49	16	0.03		1	1	1
152	13	51358	51433	51433	51596	5:3	0	1	1	119	237	                      graph_bin_annot3(13,50000,52000,c(5,6))	1	119.0	                      0.0	238.0	51358_51433	51433_51596	51433_101569	51596_101681	1	1	6	1	1	197.42	20	10.01		1	1	1
45	4	787173	787632	787632	787723	5:3	0	1	1	275	549	                      graph_bin_annot3(4,786000,788000,c(3,4))	1	275.0	                      0.0	550.0	787173_787632	787632_787723	787632_816853	787723_817682	1	1	3	1	1	46.89	46	1.03		1	1	1
65	6	44192	44192	44192	44748	5:3	0	1	1	278	555	                      graph_bin_annot3(6,43000,45000,c(3,4))	1	380.0	                      0.0	760.0	43988_44192	44192_44748	44192_55864	44748_56533	1	1	3	1	1	224.07	46	4.85		1	1	1
37	4	71525	71645	71743	72032	5:3	0	1	99	303	506	                      graph_bin_annot3(4,70000,73000,c(3,4))	1	303.0	                      98.0	507.0	71525_71743	71645_72032	71743_164096	72032_164298	2	2	4	1	1	3.95	42	0.09		1	1	1
97	8	98484	98622	98643	99089	5:3	0	1	22	313	604	                      graph_bin_annot3(8,97000,100000,c(5,6))	1	313.0	                      21.0	605.0	98484_98643	98622_99089	98643_120445	99089_121477	2	2	6	1	1	375.09	50	7.46		1	1	1
170	14	136113	136144	136375	136579	5:3	0	1	232	349	465	                      graph_bin_annot3(14,135000,137000,c(3,4))	1	349.0	                      231.0	466.0	136113_136375	136144_136579	136375_166733	136579_167934	4	4	3	1	1	3.95	39	0.1		1	1	1
49	4	1015515	1016282	1016332	1016426	5:3	0	1	51	481	910	                      graph_bin_annot3(4,1014000,1017000,c(1,2))	1	481.0	                      50.0	911.0	1015515_1016332	1016282_1016426	1016332_1044635	1016426_1044751	2	2	1	1	1	34.55	76	0.46		1	1	1
88	7	635353	635861	635861	636660	5:3	0	1	1	654	1306	                      graph_bin_annot3(7,634000,637000,c(3,4))	1	654.0	                      0.0	1307.0	635353_635861	635861_636660	635861_701596	636660_701914	1	1	4	1	1	55.77	109	0.51		1	1	1
64	5	509962	510678	510678	511287	5:3	0	1	1	663	1324	                      graph_bin_annot3(5,508000,512000,c(3,4))	1	663.0	                      0.0	1325.0	509962_510678	510678_511287	510678_566643	511287_576874	1	1	4	1	1	66.63	110	0.6		1	1	1
156	13	228322	228901	229206	229539	5:3	0	1	306	761	1216	                      graph_bin_annot3(13,227000,230000,c(5,6))	1	761.0	                      305.0	1217.0	228322_229206	228901_229539	229206_287574	229539_287682	2	2	6	1	1	99.7	101	0.98		1	1	1
24	2	730662	730763	731596	731934	5:3	0	1	834	1053	1271	                      graph_bin_annot3(2,729000,732000,c(3,4))	1	1053.0	                      833.0	1272.0	730662_731596	730763_731934	731596_767058	731934_767298	12	12	4	1	1	39.98	106	0.38		1	1	1
115	10	146059	146367	147143	147445	5:3	0	1	777	1081	1385	                      graph_bin_annot3(10,145000,148000,c(3,4))	1	1081.0	                      776.0	1386.0	146059_147143	146367_147445	147143_183834	147445_184128	13	13	3	1	1	771.4	115	6.69		1	1	1
107	9	46174	46556	48252	48606	5:3	0	1	1697	2064	2431	                      graph_bin_annot3(9,45000,49000,c(5,6))	1	2064.0	                      1696.0	2432.0	46174_48252	46556_48606	48252_60879	48606_61323	13	13	5	1	1	203.34	202	1		1	1	1
162	13	618075	618182	618182	618249	3:5	0	1	1	87	173	                      graph_bin_annot3(13,617000,619000,c(5,6))	1	87.0	                      0.0	174.0	618075_618182	618182_618249	618182_666220	618249_666667	1	1	6	1	2	0.99	14	0.07		1	1	1
134	11	506430	506614	506614	506729	3:5	0	1	1	150	298	                      graph_bin_annot3(11,505000,507000,c(5,6))	1	150.0	                      0.0	299.0	506430_506614	506614_506729	506614_573530	506729_574134	1	1	5	1	2	280.33	25	11.3		1	1	1
159	13	496640	496721	496739	496955	3:5	0	1	19	167	314	                      graph_bin_annot3(13,495000,497000,c(1,2))	1	167.0	                      18.0	315.0	496640_496739	496721_496955	496739_540526	496955_540798	2	2	2	1	2	32.57	26	1.25		1	1	1
113	10	54420	54420	54420	54825	3:5	0	1	1	203	404	                      graph_bin_annot3(10,53000,55000,c(1,2))	1	257.0	                      0.0	514.0	54311_54420	54420_54825	54420_66411	54825_67353	1	1	2	1	2	2.96	34	0.09		1	1	1
12	2	350451	350900	350900	351083	3:5	0	1	1	316	631	                      graph_bin_annot3(2,349000,352000,c(1,2))	1	316.0	                      0.0	632.0	350451_350900	350900_351083	350900_371746	351083_372547	1	1	1	1	2	578.92	53	11.02		1	1	1
61	5	378395	378586	378586	379092	3:5	0	1	1	349	696	                      graph_bin_annot3(5,377000,380000,c(3,4))	1	349.0	                      0.0	697.0	378395_378586	378586_379092	378586_414243	379092_414432	1	1	4	1	2	173.23	58	2.99		1	1	1
66	6	55864	56533	56533	56854	3:5	0	1	1	495	989	                      graph_bin_annot3(6,54000,57000,c(5,6))	1	495.0	                      0.0	990.0	55864_56533	56533_56854	56533_88777	56854_89605	1	1	5	1	2	306.98	82	3.73		1	1	1
108	9	60879	61323	62057	62207	3:5	0	1	735	1031	1327	                      graph_bin_annot3(9,59000,63000,c(3,4))	1	1031.0	                      734.0	1328.0	60879_62057	61323_62207	62057_166074	62207_166116	4	4	3	1	2	73.04	110	0.66		1	1	1
83	7	442184	442299	443342	443602	3:5	0	1	1044	1231	1417	                      graph_bin_annot3(7,441000,444000,c(1,2))	1	1231.0	                      1043.0	1418.0	442184_443342	442299_443602	443342_451346	443602_451921	10	10	2	1	2	276.88	118	2.35		1	1	1
32	3	238725	238995	239515	240922	3:5	0	1	521	1359	2196	                      graph_bin_annot3(3,237000,241000,c(3,4))	1	1359.0	                      520.0	2197.0	238725_239515	238995_240922	239515_272348	240922_273723	5	5	3	1	2	297.6	183	1.63		1	1	1
78	7	178509	179910	180364	181069	3:5	0	1	455	1507	2559	                      graph_bin_annot3(7,177000,182000,c(5,6))	1	1507.0	                      454.0	2560.0	178509_180364	179910_181069	180364_244757	181069_245112	3	3	6	1	2	338.08	213	1.59		1	1	1
69	6	158086	158256	159616	159744	3:5	0	1	1361	1509	1657	                      graph_bin_annot3(6,157000,160000,c(1,2))	1	1509.0	                      1360.0	1658.0	158086_159616	158256_159744	159616_204282	159744_204454	15	15	1	1	2	38.5	138	0.28		1	1	1
144	12	439951	440042	440342	440952	5:3_6:2_5:3	0	1	301	651	1000	                      graph_bin_annot3(12,438000,441000,c(3,4))	1	193.0_150.0_308.0	                      0.0_0.0_0.0	386.0_300.0_615.0	439951_440042_440337_440342	440042_440337_440342_440952	440042_440337_440342_445923	440337_440342_440952_446046	3	1_1_1	3_4_4	3	3	17.77	83	0.21		1	1	1
153	13	101569	101681	102320	102554	5:3_4:4_5:3	0	1	640	812	984	                      graph_bin_annot3(13,100000,103000,c(5,6))	1	562.0_108.0_143.0	                      423.0_0.0_0.0	700.0_216.0_285.0	101569_102104_102269_102320	101681_102269_102320_102554	102104_102269_102320_157807	102269_102320_102554_159085	7	5_1_1	5_5_5	3	3	119.44	82	1.46		1	1	1
26	2	786902	787329	787939	788189	5:3_6:2_5:3	0	1	611	949	1286	                      graph_bin_annot3(2,785000,789000,c(3,4))	1	511.0_94.0_344.0	                      291.0_5.0_136.0	731.0_183.0_551.0	786902_787620_787638_787939	787329_787633_787803_788189	787620_787638_787939_800937	787633_787803_788189_813184	11	5_2_4	4_3_3	3	3	56.76	107	0.53		1	1	1
20	2	641433	641467	642776	643134	5:3_4:4_5:3	0	1	1310	1505	1700	                      graph_bin_annot3(2,640000,644000,c(5,6))	1	590.0_590.0_326.0	                      447.0_318.0_0.0	732.0_862.0_651.0	641433_641914_642483_642776	641467_642165_642776_643134	641914_642483_642776_661374	642165_642776_643134_662094	8	2_5_1	5_5_5	3	3	2789	142	19.7		1	1	1
73	7	21167	21167	21543	21569	5:3_4:4_5:3_6:2_5:3	0	1	377	389	401	                      graph_bin_annot3(7,20000,22000,c(3,4))	1	91.0_38.0_58.0_83.0_183.0	                      5.0_7.0_12.0_9.0_133.0	177.0_69.0_103.0_157.0_232.0	21041_21172_21225_21253_21337_21543	21167_21218_21241_21328_21410_21569	21172_21225_21253_21337_21543_34992	21218_21241_21328_21410_21569_35217	18	2_2_2_2_10	4_4_4_3_3	5	3	1.48	33	0.04		1	1	1
89	7	701596	701914	703157	703857	6:2_5:3	0	1	1244	1752	2260	                      graph_bin_annot3(7,700000,704000,c(3,4))	1	1219.0_533.0	                      877.0_0.0	1561.0_1066.0	701596_702791_703157	701914_703157_703857	702791_703157_733970	703157_703857_733979	12	11_1	34_3	2	7	325.24	188	1.73		1	1	1
22	2	679385	680044	681414	681557	6:2_4:4_6:2	0	1	1371	1771	2171	                      graph_bin_annot3(2,678000,682000,c(7,8))	1	671.0_561.0_540.0	                      0.0_0.0_248.0	1341.0_1122.0_831.0	679385_680044_680726_681414	680044_680726_681166_681557	680044_680726_681414_701354	680726_681166_681557_701832	4	1_1_2	78_78_78	3	7	910.09	181	5.03		1	1	1
71	6	229247	229320	230462	230627	6:2_4:4_5:3_4:4_5:3	0	1	1143	1261	1379	                      graph_bin_annot3(6,228000,231000,c(1,2))	1	304.0_327.0_193.0_141.0_297.0	                      239.0_222.0_0.0_0.0_189.0	369.0_432.0_385.0_282.0_404.0	229247_229559_229838_229991_230223_230462	229320_229616_229991_230223_230273_230627	229559_229838_229991_230223_230462_239066	229616_229991_230223_230273_230627_239639	11	2_5_1_1_2	12_12_1_1_1	5	7	245.29	115	2.14		1	1	1
146	12	601489	601624	603693	603907	6:2_5:3_6:2_5:3_6:2	0	1	2070	2244	2417	                      graph_bin_annot3(12,600000,604000,c(3,4))	1	1631.0_162.0_130.0_196.0_126.0	                      1535.0_109.0_0.0_72.0_0.0	1727.0_215.0_259.0_319.0_251.0	601489_603159_603325_603374_603656_603693	601624_603216_603374_603584_603693_603907	603159_603325_603374_603656_603693_644551	603216_603374_603584_603693_603907_645338	26	18_4_1_2_1	34_3_3_3_3	5	7	1083.32	201	5.38		1	1	1
147	12	644551	645338	645971	646705	3:5_2:6	0	1	634	1394	2153	                      graph_bin_annot3(12,643000,647000,c(1,2))	1	659.0_735.0	                      114.0_217.0	1203.0_1253.0	644551_645452_645971	645338_645754_646705	645452_645971_677815	645754_646705_677890	5	2_3	1_2	2	8	755.12	179	4.21		1	1	1
180	14	574949	575525	576383	577027	2:6_4:4_2:6	0	1	859	1468	2077	                      graph_bin_annot3(14,573000,578000,c(7,8))	1	625.0_429.0_414.0	                      0.0_0.0_0.0	1250.0_858.0_828.0	574949_575525_576199_576383	575525_576199_576383_577027	575525_576199_576383_643259	576199_576383_577027_643444	3	1_1_1	78_78_78	3	8	258.12	173	1.49		1	1	1
105	8	516468	516616	517036	517336	2:6_3:5_2:6_3:5	0	1	421	644	867	                      graph_bin_annot3(8,515000,518000,c(5,6))	1	92.0_82.0_145.0_327.0	                      0.0_0.0_32.0_128.0	183.0_163.0_257.0_525.0	516468_516616_516651_516811_517036	516616_516651_516779_516908_517336	516616_516651_516811_517036_525505	516651_516779_516908_517336_562643	9	1_1_3_4	56_5_5_5	4	8	651.97	72	9.03		1	1	1
199	15	1070965	1071028	1071033	1071090	6:2	0	1	6	65	124	                      graph_bin_annot3(15,1069000,1072000,c(1,2))	1	65.0	                      5.0	125.0	1070965_1071033	1071028_1071090	1071033_1071499	1071090_1091291	3	3	12	1	10	25.66	10	2.49		1	1	1
131	11	369378	369689	369689	369878	6:2	0	1	1	250	499	                      graph_bin_annot3(11,368000,370000,c(7,8))	1	250.0	                      0.0	500.0	369378_369689	369689_369878	369689_428081	369878_428986	1	1	78	1	10	671.22	42	16.15		1	1	1
18	2	558042	558499	558499	558576	6:2	0	1	1	267	533	                      graph_bin_annot3(2,557000,559000,c(7,8))	1	267.0	                      0.0	534.0	558042_558499	558499_558576	558499_611338	558576_611905	1	1	78	1	10	10.36	44	0.23		1	1	1
133	11	477776	479195	479195	479521	6:2	0	1	1	873	1744	                      graph_bin_annot3(11,476000,480000,c(7,8))	1	873.0	                      0.0	1745.0	477776_479195	479195_479521	479195_506430	479521_506614	1	1	78	1	10	955.99	145	6.58		1	1	1
14	2	392022	392544	393197	393340	6:2	0	1	654	986	1317	                      graph_bin_annot3(2,391000,394000,c(7,8))	1	986.0	                      653.0	1318.0	392022_393197	392544_393340	393197_430067	393340_431229	3	3	78	1	10	568.56	110	5.18		1	1	1
174	14	331699	331790	331790	332278	2:6	0	1	1	290	578	                      graph_bin_annot3(14,330000,333000,c(7,8))	1	290.0	                      0.0	579.0	331699_331790	331790_332278	331790_335707	332278_335910	1	1	78	1	10.1	182.12	48	3.78		1	1	1
63	5	461582	461594	461594	462226	2:6	0	1	1	322	643	                      graph_bin_annot3(5,460000,463000,c(7,8))	1	322.0	                      0.0	644.0	461582_461594	461594_462226	461594_509962	462226_510678	1	1	78	1	10.1	1574.39	54	29.41		1	1	1
68	6	95849	96304	96305	96502	2:6	0	1	2	327	652	                      graph_bin_annot3(6,94000,97000,c(7,8))	1	327.0	                      1.0	653.0	95849_96305	96304_96502	96305_158086	96502_158256	2	2	78	1	10.1	1490.49	54	27.45		1	1	1
198	15	986991	987247	987247	987667	2:6	0	1	1	338	675	                      graph_bin_annot3(15,985000,988000,c(7,8))	1	338.0	                      0.0	676.0	986991_987247	987247_987667	987247_1070965	987667_1071028	1	1	78	1	10.1	819.77	56	14.59		1	1	1
188	15	256235	256322	256457	256963	2:6	0	1	136	432	727	                      graph_bin_annot3(15,255000,257000,c(7,8))	1	432.0	                      135.0	728.0	256235_256457	256322_256963	256457_268456	256963_269276	6	6	78	1	10.1	59.22	61	0.98		1	1	1
51	4	1102674	1103455	1103488	1104014	2:6	0	1	34	687	1339	                      graph_bin_annot3(4,1101000,1105000,c(7,8))	1	687.0	                      33.0	1340.0	1102674_1103488	1103455_1104014	1103488_1241519	1104014_1242168	3	3	78	1	10.1	81.93	111	0.73		1	1	1
60	5	318016	318309	318414	319404	2:6	0	1	106	747	1387	                      graph_bin_annot3(5,317000,320000,c(7,8))	1	747.0	                      105.0	1388.0	318016_318414	318309_319404	318414_378395	319404_378586	2	2	78	1	10.1	1028.54	115	8.91		1	1	1
155	13	169522	169808	169962	170932	2:6	0	1	155	782	1409	                      graph_bin_annot3(13,168000,171000,c(7,8))	1	782.0	                      154.0	1410.0	169522_169962	169808_170932	169962_228322	170932_228901	2	2	78	1	10.1	860.73	117	7.34		1	1	1
75	7	55263	55957	55957	57501	2:6	0	1	1	1119	2237	                      graph_bin_annot3(7,54000,58000,c(7,8))	1	1119.0	                      0.0	2238.0	55263_55957	55957_57501	55957_119177	57501_119852	1	1	78	1	10.1	360.78	186	1.94		1	1	1
44	4	743651	743850	744435	745067	5:3_5:3a	0	1	586	1001	1415	                      graph_bin_annot3(4,742000,746000,c(3,4))	2	282.0_719.0	                      0.0_220.0	564.0_1217.0	743651_743850_744435	743850_744215_745067	743850_744435_787173	744215_745067_787632	4	1_3	4_34	2	11	135.23	118	1.15		1	1	1
41	4	476888	477034	478019	478092	5:3_5:3a	0	1	986	1095	1203	                      graph_bin_annot3(4,475000,479000,c(1,2))	2	734.0_361.0	                      551.0_215.0	916.0_507.0	476888_477585_478019	477034_477804_478092	477585_478019_614321	477804_478092_614433	8	5_3	2_12	2	11	73.54	100	0.73		1	1	1
74	7	34992	35217	36018	36691	5:3_5:3a	0	1	802	1250	1698	                      graph_bin_annot3(7,33000,37000,c(3,4))	2	230.0_1021.0	                      0.0_567.0	459.0_1474.0	34992_35217_36018	35217_35451_36691	35217_36018_55263	35451_36691_55957	10	1_9	3_34	2	11	67.62	141	0.48		1	1	1
4	1	173222	173966	175578	175876	5:3_5:3a	0	1	1613	2133	2653	                      graph_bin_annot3(1,172000,176000,c(1,2))	2	1397.0_737.0	                      708.0_271.0	2085.0_1202.0	173222_174674_175578	173966_175307_175876	174674_175578_184083	175307_175876_184235	6	2_4	1_12	2	11	109.57	221	0.5		1	1	1
81	7	345438	345471	347682	348496	5:3_5:3a	0	1	2212	2635	3057	                      graph_bin_annot3(7,344000,349000,c(5,6))	2	257.0_2378.0	                      40.0_1770.0	474.0_2985.0	345438_345511_347682	345471_345912_348496	345511_347682_427600	345912_348496_427741	19	2_17	6_56	2	11	311.42	255	1.22		1	1	1
124	10	585466	586827	587861	589894	5:3_5:3a	0	1	1035	2731	4427	                      graph_bin_annot3(10,584000,590000,c(3,4))	2	1350.0_1381.0	                      574.0_269.0	2126.0_2493.0	585466_587401_587861	586827_587592_589894	587401_587861_704056	587592_589894_704425	8	3_5	4_34	2	11	173.23	369	0.47		1	1	1
30	3	207534	207705	208489	208699	3:5_3:5a	0	1	785	975	1164	                      graph_bin_annot3(3,206000,209000,c(3,4))	2	400.0_575.0	                      261.0_417.0	538.0_733.0	207534_207966_208489	207705_208072_208699	207966_208489_225200	208072_208699_225631	6	2_4	4_34	2	12	281.32	97	2.9		1	1	1
13	2	371746	372547	373488	373782	3:5_3:5a	0	1	942	1489	2035	                      graph_bin_annot3(2,370000,374000,c(1,2))	2	1030.0_459.0	                      465.0_148.0	1594.0_770.0	371746_373012_373488	372547_373340_373782	373012_373488_392022	373340_373782_392544	7	5_2	1_12	2	12	101.67	169	0.6		1	1	1
25	2	767058	767298	768073	769699	3:5_3:5a	0	1	776	1708	2640	                      graph_bin_annot3(2,766000,770000,c(1,2))	2	574.0_1135.0	                      132.0_0.0	1015.0_2269.0	767058_767430_768073	767298_768073_769699	767430_768073_786902	768073_769699_787329	4	3_1	1_12	2	12	172.74	220	0.79		1	1	1
194	15	586076	586304	588171	588409	3:5_3:5a	0	1	1868	2100	2332	                      graph_bin_annot3(15,585000,589000,c(1,2))	2	409.0_1692.0	                      41.0_1319.0	776.0_2064.0	586076_586345_588171	586304_586852_588409	586345_588171_670429	586852_588409_670593	12	2_10	1_12	2	12	1761.45	194	9.07		1	1	1
171	14	166733	167934	169998	170087	3:5_3:5a	0	1	2065	2709	3353	                      graph_bin_annot3(14,165000,171000,c(5,6))	2	2039.0_670.0	                      1356.0_543.0	2722.0_797.0	166733_169290_169998	167934_169455_170087	169290_169998_190429	169455_170087_190588	14	10_4	5_56	2	12	605.57	279	2.17		1	1	1
187	15	242641	242848	243335	243831	5:3_5:3a_4:4_5:3a	0	1	488	839	1189	                      graph_bin_annot3(15,241000,244000,c(5,6))	2	192.0_186.0_113.0_348.0	                      0.0_8.0_0.0_76.0	384.0_363.0_226.0_620.0	242641_242848_243033_243211_243335	242848_243025_243211_243259_243831	242848_243033_243211_243335_256235	243025_243211_243259_243831_256322	7	1_2_1_3	6_56_5_5	4	13	1543.79	99	15.59		1	1	1
184	15	108331	108945	109584	110892	3:5_3:5a_2:6	0	1	640	1600	2560	                      graph_bin_annot3(15,107000,111000,c(1,2))	2	627.0_239.0_734.0	                      161.0_0.0_0.0	1093.0_478.0_1468.0	108331_109106_109424_109584	108945_109424_109584_110892	109106_109424_109584_170203	109424_109584_110892_170363	7	5_1_1	1_12_1	3	14	479.72	213	2.25		1	1	1
58	5	183549	183864	184363	184684	3:5_4:4_3:5_3:5a	0	1	500	817	1134	                      graph_bin_annot3(5,182000,185000,c(3,4))	2	181.0_389.0_52.0_197.0	                      0.0_350.0_0.0_0.0	361.0_427.0_103.0_393.0	183549_183864_184260_184291_184363	183864_183910_184291_184363_184684	183864_184260_184291_184363_256810	183910_184291_184363_184684_258361	7	1_4_1_1	3_3_3_34	4	14	188.53	94	2		1	1	1
175	14	335707	335910	336414	336437	5:3_4:4_5:3a	0	1	505	617	729	                      graph_bin_annot3(14,334000,337000,c(5,6))	2	120.0_358.0_140.0	                      0.0_211.0_0.0	240.0_504.0_279.0	335707_335910_336158_336414	335910_335947_336414_336437	335910_336158_336414_372088	335947_336414_336437_372101	4	1_2_1	5_5_6	3	15	335.11	61	5.52		1	1	1
84	7	451346	451921	452589	452990	5:3_4:4_5:3a	0	1	669	1156	1643	                      graph_bin_annot3(7,450000,453000,c(5,6))	2	619.0_190.0_347.0	                      288.0_0.0_0.0	950.0_380.0_694.0	451346_452209_452296_452589	451921_452296_452589_452990	452209_452296_452589_531741	452296_452589_452990_532320	4	2_1_1	6_6_5	3	15	1037.92	137	7.59		1	1	1
10	2	269036	269210	270207	270387	5:3_4:4_5:3a	0	1	998	1174	1350	                      graph_bin_annot3(2,268000,271000,c(5,6))	2	183.0_783.0_208.0	                      0.0_585.0_16.0	366.0_981.0_400.0	269036_269210_269987_270207	269210_269402_270191_270387	269210_269987_270207_317892	269402_270191_270387_318192	9	1_6_2	5_5_6	3	15	193.47	112	1.72		1	1	1
205	16	454587	454982	455955	456445	5:3_4:4_5:3a	0	1	974	1416	1857	                      graph_bin_annot3(16,453000,457000,c(3,4))	2	724.0_244.0_449.0	                      377.0_0.0_109.0	1070.0_487.0_788.0	454587_455359_455657_455955	454982_455657_455846_456445	455359_455657_455955_497140	455657_455846_456445_497162	7	3_1_3	4_4_3	3	15	87.85	155	0.57		1	1	1
76	7	119177	119852	121176	121350	5:3_4:4_5:3a	0	1	1325	1749	2172	                      graph_bin_annot3(7,118000,122000,c(3,4))	2	1150.0_391.0_209.0	                      543.0_0.0_0.0	1756.0_781.0_417.0	119177_120395_120933_121176	119852_120933_121176_121350	120395_120933_121176_139179	120933_121176_121350_139322	5	3_1_1	3_3_4	3	15	392.86	181	2.17		1	1	1
145	12	445923	446046	447993	448167	5:3_4:4_5:3a	0	1	1948	2096	2243	                      graph_bin_annot3(12,444000,449000,c(5,6))	2	1420.0_354.0_322.0	                      1214.0_0.0_25.0	1625.0_708.0_619.0	445923_447260_447548_447993	446046_447548_447968_448167	447260_447548_447993_601489	447548_447968_448167_601624	9	6_1_2	6_6_5	3	15	160.89	187	0.86		1	1	1
192	15	494089	494313	494956	495340	3:5_4:4_3:5a	0	1	644	947	1250	                      graph_bin_annot3(15,493000,496000,c(5,6))	2	443.0_120.0_384.0	                      243.0_2.0_162.0	643.0_238.0_606.0	494089_494556_494734_494956	494313_494732_494794_495340	494556_494734_494956_510696	494732_494794_495340_511001	9	4_2_3	6_6_5	3	16	1992.42	104	19.14		1	1	1
48	4	1004000	1004480	1005656	1005728	3:5_4:4_3:5a	0	1	1177	1452	1727	                      graph_bin_annot3(4,1003000,1006000,c(5,6))	2	660.0_691.0_102.0	                      273.0_520.0_42.0	1047.0_861.0_161.0	1004000_1004753_1005567_1005656	1004480_1005047_1005614_1005728	1004753_1005567_1005656_1015515	1005047_1005614_1005728_1016282	8	2_4_2	5_5_6	3	16	449.12	144	3.12		1	1	1
23	2	701354	701832	703042	703256	3:5_4:4_3:5a	0	1	1211	1556	1901	                      graph_bin_annot3(2,700000,704000,c(5,6))	2	603.0_662.0_292.0	                      39.0_152.0_0.0	1167.0_1171.0_583.0	701354_701871_702673_703042	701832_702521_703042_703256	701871_702673_703042_730662	702521_703042_703256_730763	6	2_3_1	5_5_6	3	16	1332.56	158	8.42		1	1	1
16	2	466266	466523	467353	468345	5:3_4:4_5:3a_4:4_5:3a	0	1	831	1455	2078	                      graph_bin_annot3(2,465000,469000,c(3,4))	2	147.0_88.0_184.0_400.0_636.0	                      0.0_0.0_0.0_145.0_0.0	294.0_175.0_368.0_655.0_1272.0	466266_466523_466560_466698_467073_467353	466523_466560_466698_466928_467353_468345	466523_466560_466698_467073_467353_504535	466560_466698_466928_467353_468345_504568	7	1_1_1_3_1	3_3_4_4_4	5	17	570.04	173	3.29		1	1	1
72	6	239066	239639	240385	240682	3:5_4:4_3:5a_4:4_3:5a	0	1	747	1181	1615	                      graph_bin_annot3(6,238000,241000,c(5,6))	2	445.0_44.0_517.0_17.0_159.0	                      127.0_0.0_498.0_0.0_0.0	762.0_88.0_536.0_33.0_318.0	239066_239766_239828_240352_240364_240385	239639_239828_239854_240364_240385_240682	239766_239828_240352_240364_240385_269707	239828_239854_240364_240385_240682_270161	10	3_1_4_1_1	6_6_5_5_5	5	18	78.97	134	0.59		1	1	1
186	15	205739	205841	208106	208220	5:3_6:2_5:3a_4:4_5:3a	0	1	2266	2373	2480	                      graph_bin_annot3(15,204000,209000,c(5,6))	2	1496.0_73.0_161.0_89.0_556.0	                      1411.0_0.0_55.0_0.0_477.0	1581.0_145.0_266.0_177.0_634.0	205739_207252_207320_207452_207586_208106	205841_207320_207397_207586_207629_208220	207252_207320_207452_207586_208106_242641	207320_207397_207586_207629_208220_242848	28	18_1_3_1_5	6_5_6_5_5	5	21	127.33	206	0.62		1	1	1
173	14	307665	307785	311673	312312	5:3_6:2_5:3_6:2_5:3_6:2_5:3a_6:2	0	1	3889	4268	4646	                      graph_bin_annot3(14,306000,313000,c(1,2))	2	149.0_164.0_906.0_718.0_677.0_222.0_1083.0_351.0	                      42.0_0.0_519.0_285.0_358.0_0.0_989.0_3.0	255.0_327.0_1292.0_1150.0_996.0_444.0_1177.0_698.0	307665_307827_307920_308673_309497_310181_310493_311614_311673	307785_307920_308154_309212_309823_310493_310625_311670_312312	307827_307920_308673_309497_310181_310493_311614_311673_331699	307920_308154_309212_309823_310493_310625_311670_312312_331790	31	2_1_9_4_4_1_8_2	2_1_1_1_1_1_2_2	8	21	955.49	387	2.47		1	1	1
142	12	314478	314762	316496	316628	3:5_4:4_3:5_2:6_3:5a	0	1	1735	1942	2149	                      graph_bin_annot3(12,313000,317000,c(3,4))	2	578.0_315.0_341.0_291.0_419.0	                      286.0_35.0_0.0_0.0_273.0	870.0_594.0_681.0_581.0_564.0	314478_315048_315383_315642_316064_316496	314762_315348_315642_316064_316223_316628	315048_315383_315642_316064_316496_341070	315348_315642_316064_316223_316628_341507	10	3_2_1_1_3	3_3_3_4_3	5	22	37.02	179	0.21		1	1	1
136	11	614450	614538	615361	615437	5:3	0	2_nonsis	824	905	986	                      graph_bin_annot3(11,613000,616000,c(3,4,7,8))	3	905.0	                      823.0	987.0	614450_615361	614538_615437	615361_619375	615437_619475	5	5	378	1	30	128.81	82	1.57		1	2	1
28	3	96055	96799	97696	98578	2:6_3:5	0	2_nonsis	898	1710	2522	                      graph_bin_annot3(3,95000,99000,c(5,6,7,8))	3	470.0_1241.0	                      6.0_708.0	933.0_1773.0	96055_96805_97696	96799_96988_98578	96805_97696_146470	96988_98578_146649	5	2_3	78_6	2	30	52.81	210	0.25		1	2	1
100	8	267804	268308	272512	273164	3:5_2:6	0	2_nonsis	4205	4782	5359	                      graph_bin_annot3(8,266000,274000,c(1,2,7,8))	3	1827.0_2955.0	                      1186.0_2240.0	2468.0_3670.0	267804_269494_272512	268308_270272_273164	269494_272512_369483	270272_273164_369871	7	3_4	278_2	2	30	373.12	446	0.84		1	2	1
85	7	531741	532320	533847	533952	3:5_4:4_5:3	0	2_nonsis	1528	1869	2210	                      graph_bin_annot3(7,530000,534000,c(1,2,3,4))	3	899.0_714.0_257.0	                      0.0_0.0_100.0	1798.0_1427.0_413.0	531741_532320_533539_533847	532320_533539_533747_533952	532320_533539_533847_559914	533539_533747_533952_560083	4	1_1_2	2_2_4	3	30	24.18	184	0.13		1	2	1
101	8	369483	369871	371744	371815	2:6_4:4_5:3	0	2_nonsis	1874	2103	2331	                      graph_bin_annot3(8,368000,372000,c(1,2,7,8))	3	600.0_1230.0_274.0	                      27.0_613.0_0.0	1172.0_1846.0_547.0	369483_369898_371268_371744	369871_370655_371744_371815	369898_371268_371744_378234	370655_371744_371815_378579	10	2_7_1	78_78_1	3	30	668.75	194	3.45		1	2	1
92	7	848452	848688	850043	850236	5:3_3:5_4:4_3:5	0	2_nonsis	1356	1570	1783	                      graph_bin_annot3(7,847000,851000,c(1,2,3,4))	3	341.0_603.0_38.0_588.0	                      0.0_370.0_9.0_472.0	682.0_836.0_67.0_703.0	848452_848688_849504_849533_850043	848688_849134_849524_849571_850236	848688_849504_849533_850043_913000	849134_849524_849571_850236_913222	13	1_4_2_6	3_13_1_1	4	30	3939.93	148	26.54		1	2	1
6	2	45304	45304	47900	47948	5:3_4:4_5:3a_5:3b	0	2_nonsis	2597	2620	2643	                      graph_bin_annot3(2,44000,48000,c(1,2,5,6))	3	2031.0_208.0_328.0_168.0	                      1893.0_0.0_0.0_0.0	2169.0_415.0_656.0_336.0	45075_47197_47244_47612_47900	45304_47244_47612_47900_47948	47197_47244_47612_47900_61810	47244_47612_47900_47948_62000	12	9_1_1_1	5_5_6_25	4	30	314.88	220	1.43		1	2	1
93	7	913000	913222	915939	916059	3:5_5:3_4:4_5:3_3:5_5:3_5:3a	0	2_nonsis	2718	2888	3058	                      graph_bin_annot3(7,912000,917000,c(3,4,7,8))	3	197.0_380.0_337.0_288.0_365.0_577.0_746.0	                      0.0_0.0_1.0_41.0_21.0_0.0_248.0	393.0_760.0_673.0_534.0_709.0_1153.0_1243.0	913000_913222_913393_913983_914107_914538_914816_915939	913222_913393_913982_914066_914517_914816_915691_916059	913222_913393_913983_914107_914538_914816_915939_948202	913393_913982_914066_914517_914816_915691_916059_949014	11	1_1_2_2_2_1_2	378_78_3_3_78_78_34	7	30	926.38	255	3.64		1	2	1
130	11	316845	317019	317104	317375	(5:3)_(4:4aCO)	1	2_nonsis	86	308	529	                      graph_bin_annot3(11,315000,318000,c(1,2,5,6))	1	308.0	                      85.0	530.0	316845_317104	317019_317375	317104_369378	317375_369689	3	3	1	2	1	148.06	44	3.36		1	1	1
128	11	73320	73701	73701	74074	(5:3)_(4:4aCO)	1	2_nonsis	1	377	753	                      graph_bin_annot3(11,72000,75000,c(1,2,5,6))	1	377.0	                      0.0	754.0	73320_73701	73701_74074	73701_172715	74074_173133	1	1	156	2	1	87.36	63	1.39		1	1	1
118	10	302207	302882	302943	303003	(5:3)_(4:4aCO)	1	2_nonsis	62	429	795	                      graph_bin_annot3(10,301000,304000,c(1,2,7,8))	1	429.0	                      61.0	796.0	302207_302943	302882_303003	302943_331024	303003_332595	3	3	178	2	1	182.61	66	2.76		1	1	1
165	13	820241	820753	821125	821368	(5:3)_(4:4aCO)	1	2_nonsis	373	750	1126	                      graph_bin_annot3(13,819000,822000,c(1,2,3,4))	1	750.0	                      372.0	1127.0	820241_821125	820753_821368	821125_838248	821368_838336	2	2	134	2	1	19.74	94	0.21		1	1	1
36	4	68799	69384	69990	70167	(5:3)_(4:4aCO)	1	2_nonsis	607	987	1367	                      graph_bin_annot3(4,67000,71000,c(3,4,5,6))	1	987.0	                      606.0	1368.0	68799_69990	69384_70167	69990_71525	70167_71645	3	3	5	2	1	43.43	114	0.38		1	1	1
112	9	424642	424776	424776	424866	(3:5)_(4:4aCO)	1	2_nonsis	1	112	223	                      graph_bin_annot3(9,423000,425000,c(5,6,7,8))	1	112.0	                      0.0	224.0	424642_424776	424776_424866	424776_430585	424866_439888	1	1	678	2	2	1.48	19	0.08		1	1	1
11	2	317892	318192	318225	318982	(3:5)_(4:4aCO)	1	2_nonsis	34	562	1089	                      graph_bin_annot3(2,316000,319000,c(3,4,7,8))	1	562.0	                      33.0	1090.0	317892_318225	318192_318982	318225_350451	318982_350900	2	2	378	2	2	85.88	91	0.95		1	1	1
149	12	849651	854761	854846	855144	(3:5)_(4:4aCO)	1	2_nonsis	86	2789	5492	                      graph_bin_annot3(12,848000,856000,c(3,4,7,8))	1	2789.0	                      85.0	5493.0	849651_854846	854761_855144	854846_1013592	855144_1014017	2	2	378	2	2	424.94	457	0.93		1	1	1
164	13	772587	773055	773268	773415	(4:4aCO)_(3:5)_(4:4a)	1	2_nonsis	214	521	827	                      graph_bin_annot3(13,771000,774000,c(1,2,7,8))	1	360.0_161.0	                      54.0_16.0	665.0_306.0	772587_773109_773268	773055_773252_773415	773109_773268_820241	773252_773415_820753	4	2_2	1278_2	3	6	44.91	69	0.65		1	1	1
127	11	19855	19855	20824	20955	(4:4aCO)_(3:5)_(4:4a)	1	2_nonsis	970	1035	1099	                      graph_bin_annot3(11,18000,21000,c(1,2,5,6))	1	1355.0_97.0	                      906.0_0.0	1804.0_194.0	19020_20761_20824	19855_20824_20955	20761_20824_73320	20824_20955_73701	16	15_1	1256_2	3	6	373.61	92	4.08		1	1	1
158	13	456970	457507	458513	459192	(5:3)_(6:2)_(4:4aCO)	1	2_nonsis	1007	1614	2221	                      graph_bin_annot3(13,455000,460000,c(1,2,7,8))	1	952.0_662.0	                      544.0_183.0	1360.0_1141.0	456970_458051_458513	457507_458330_459192	458051_458513_496640	458330_459192_496721	8	3_5	1_2	3	7	101.67	185	0.55		1	1	1
139	12	112405	112468	112663	112689	(6:2)_(5:3)_(4:4aCO)	1	2_nonsis	196	240	283	                      graph_bin_annot3(12,111000,113000,c(5,6,7,8))	1	49.0_191.0	                      0.0_161.0	97.0_221.0	112405_112468_112663	112468_112502_112689	112468_112663_223258	112502_112689_223495	12	1_11	78_6	3	8	0.99	24	0.04		1	1	1
7	2	61810	62000	62445	62830	(6:2)_(5:3)_(4:4aCO)	1	2_nonsis	446	733	1019	                      graph_bin_annot3(2,60000,63000,c(1,2,7,8))	1	318.0_415.0	                      0.0_0.0	635.0_830.0	61810_62000_62445	62000_62445_62830	62000_62445_70638	62445_62830_70774	2	1_1	78_1	3	8	196.43	85	2.32		1	1	1
114	10	66411	67353	70072	70786	(6:2)_(5:3)_(4:4aCO)	1	2_nonsis	2720	3547	4374	                      graph_bin_annot3(10,65000,71000,c(1,2,7,8))	1	1066.0_2482.0	                      104.0_1634.0	2027.0_3329.0	66411_67457_70072	67353_68438_70786	67457_70072_146059	68438_70786_146367	16	5_11	78_1	3	8	915.02	364	2.51		1	1	1
119	10	331024	332595	333136	333385	(3:5)_(2:6)_(4:4aCO)	1	2_nonsis	542	1451	2360	                      graph_bin_annot3(10,330000,334000,c(1,2,7,8))	1	1231.0_220.0	                      350.0_0.0	2112.0_440.0	331024_332945_333136	332595_333136_333385	332945_333136_360588	333136_333385_360746	8	7_1	178_1	3	9	919.96	197	4.68		1	1	1
52	4	1241519	1242168	1242658	1246191	(3:5)_(2:6)_(4:4aCO)	1	2_nonsis	491	2581	4671	                      graph_bin_annot3(4,1240000,1247000,c(3,4,5,6))	1	606.0_1975.0	                      73.0_0.0	1139.0_3950.0	1241519_1242241_1242658	1242168_1242658_1246191	1242241_1242658_1268647	1242658_1246191_1269918	4	3_1	4_3	3	9	1379.94	389	3.55		1	1	1
183	15	40834	40834	41221	41378	(2:6)_(3:5)_(4:4aCO)	1	2_nonsis	388	466	543	                      graph_bin_annot3(15,39000,42000,c(1,2,3,4))	1	411.0_176.0	                      193.0_0.0	628.0_351.0	40593_41027_41221	40834_41221_41378	41027_41221_108331	41221_41378_108945	3	2_1	34_1	3	10	3.95	45	0.09		1	1	1
138	12	47080	47080	47204	48661	(2:6)_(3:5)_(4:4aCO)	1	2_nonsis	125	853	1580	                      graph_bin_annot3(12,46000,49000,c(1,2,7,8))	1	955.0_791.0	                      0.0_0.0	1910.0_1581.0	45294_47080_47204	47080_47204_48661	47080_47204_112405	47204_48661_112468	2	1_1	78_1	3	10	74.03	132	0.56		1	1	1
151	13	45908	45908	46860	48814	(2:6)_(3:5)_(4:4aCO)	1	2_nonsis	953	1929	2905	                      graph_bin_annot3(13,44000,49000,c(1,2,7,8))	1	271.0_1784.0	                      124.0_786.0	418.0_2782.0	45656_46032_46860	45908_46074_48814	46032_46860_51358	46074_48814_51433	9	3_6	78_1	3	10	285.27	242	1.18		1	1	1
154	13	157807	159085	160280	160611	(2:6)_(3:5)_(4:4aCO)	1	2_nonsis	1196	2000	2803	                      graph_bin_annot3(13,156000,161000,c(3,4,7,8))	1	1548.0_452.0	                      865.0_243.0	2230.0_661.0	157807_159950_160280	159085_160037_160611	159950_160280_169522	160037_160611_169808	12	8_4	34_4	3	10	641.11	233	2.75		1	1	1
109	9	166074	166116	169444	169471	(5:3)_(4:4ai)_(5:3)_(4:4bCO)	1	2_nonsis	3329	3363	3396	                      graph_bin_annot3(9,165000,170000,c(1,2,3,4))	1	697.0_661.0_2005.0	                      662.0_129.0_1473.0	731.0_1193.0_2537.0	166074_166778_166934_169444	166116_166805_167971_169471	166778_166934_169444_175126	166805_167971_169471_175167	22	8_3_11	124_2_2	4	11	185.08	283	0.65		1	1	1
102	8	378234	378579	378642	378942	(4:4aCO)_(6:2)_(4:4a)	1	2_nonsis	64	386	707	                      graph_bin_annot3(8,377000,379000,c(3,4,5,6))	1	224.0_162.0	                      39.0_0.0	408.0_324.0	378234_378618_378642	378579_378642_378942	378618_378642_399043	378642_378942_399050	3	2_1	3456_34	3	12	3.45	59	0.06		1	1	1
77	7	139179	139322	139797	140188	(2:6)_(4:4)_(4:4aCO)	1	2_nonsis	476	742	1008	                      graph_bin_annot3(7,138000,141000,c(1,2,7,8))	1	81.0_661.0	                      0.0_456.0	162.0_866.0	139179_139322_139797	139322_139341_140188	139322_139797_178509	139341_140188_179910	8	1_7	78_78	3	12	8.39	84	0.1		1	1	1
29	3	146470	146649	146949	147882	(2:6)_(4:4)_(4:4aCO)	1	2_nonsis	301	856	1411	                      graph_bin_annot3(3,145000,148000,c(3,4,7,8))	1	195.0_661.0	                      0.0_89.0	390.0_1233.0	146470_146649_146949	146649_146860_147882	146649_146949_207534	146860_147882_207705	3	1_2	78_78	3	12	68.6	117	0.58		1	1	1
178	14	487393	487663	488208	488587	(4:4aCO)_(6:2)_(4:4a)	1	2_nonsis	546	870	1193	                      graph_bin_annot3(14,486000,489000,c(1,2,5,6))	1	572.0_298.0	                      328.0_0.0	815.0_596.0	487393_487991_488208	487663_488208_488587	487991_488208_549663	488208_488587_550069	6	5_1	1256_12	3	12	637.65	99	6.42		1	1	1
87	7	609614	609644	609958	610218	(5:3)_(4:4aCO)_(5:3)_(4:4a)	1	2_nonsis	315	459	603	                      graph_bin_annot3(7,608000,611000,c(5,6,7,8))	1	112.0_83.0_265.0	                      88.0_10.0_71.0	136.0_155.0_458.0	609614_609732_609760_609958	609644_609750_609887_610218	609732_609760_609958_635353	609750_609887_610218_635861	11	5_2_4	678_5_5	4	12	2419.83	50	48.19		1	1	1
116	10	183834	184128	184439	184592	(3:5)_(4:4aCO)_(3:5)_(4:4a)	1	2_nonsis	312	535	757	                      graph_bin_annot3(10,182000,185000,c(3,4,7,8))	1	189.0_111.0_235.0	                      0.0_0.0_89.0	378.0_222.0_380.0	183834_184128_184212_184439	184128_184212_184350_184592	184128_184212_184439_189441	184212_184350_184592_190275	6	1_1_4	478_3_3	4	12	65.64	63	1.04		1	1	1
55	4	1509719	1509983	1510510	1511013	(2:6)_(4:4)_(2:6)_(4:4aCO)	1	2_nonsis	528	911	1293	                      graph_bin_annot3(4,1508000,1512000,c(1,2,3,4))	1	346.0_264.0_301.0	                      0.0_0.0_0.0	692.0_527.0_602.0	1509719_1509983_1510411_1510510	1509983_1510411_1510510_1511013	1509983_1510411_1510510_1523226	1510411_1510510_1511013_1531933	3	1_1_1	34_34_34	4	12	4.94	108	0.05		1	1	1
191	15	461434	461644	462267	462906	(5:3)_(4:4)_(6:2)_(4:4aCO)	1	2_nonsis	624	1048	1471	                      graph_bin_annot3(15,460000,463000,c(1,2,3,4))	1	351.0_231.0_467.0	                      52.0_0.0_110.0	649.0_461.0_823.0	461434_461696_462083_462267	461644_462083_462157_462906	461696_462083_462267_494089	462083_462157_462906_494313	7	4_1_2	3_3_34	4	12	408.16	122	3.33		1	1	1
181	14	643259	643444	644271	644875	(6:2)_(4:4)_(5:3)_(4:4aCO)	1	2_nonsis	828	1222	1615	                      graph_bin_annot3(14,642000,645000,c(1,2,3,4))	1	196.0_566.0_460.0	                      0.0_305.0_0.0	392.0_827.0_919.0	643259_643444_643956_644271	643444_643651_644271_644875	643444_643956_644271_689057	643651_644271_644875_689310	4	1_2_1	34_34_4	4	12	39.98	134	0.3		1	1	1
70	6	204282	204454	205702	205793	(5:3)_(4:4)_(6:2)_(4:4aCO)	1	2_nonsis	1249	1380	1510	                      graph_bin_annot3(6,203000,206000,c(1,2,5,6))	1	490.0_782.0_109.0	                      372.0_687.0_0.0	607.0_876.0_217.0	204282_204826_205576_205702	204454_204889_205702_205793	204826_205576_205702_229247	204889_205702_205793_229320	20	7_12_1	6_6_56	4	12	286.25	126	2.28		1	1	1
189	15	268456	269276	270526	270656	(6:2)_(5:3)_(6:2)_(4:4aCO)	1	2_nonsis	1251	1725	2199	                      graph_bin_annot3(15,267000,271000,c(1,2,3,4))	1	501.0_177.0_1047.0	                      0.0_39.0_935.0	1002.0_315.0_1159.0	268456_269276_269497_270526	269276_269458_269591_270656	269276_269497_270526_407171	269458_269591_270656_407340	19	1_3_15	12_3_3	4	12	21.22	183	0.12		1	1	1
137	11	619375	619475	620968	621343	(2:6)_(4:4aCO)_(2:6)_(4:4a)	1	2_nonsis	1494	1731	1967	                      graph_bin_annot3(11,618000,622000,c(3,4,7,8))	1	674.0_208.0_849.0	                      610.0_0.0_468.0	738.0_415.0_1230.0	619375_620085_620113_620968	619475_620113_620500_621343	620085_620113_620968_658549	620113_620500_621343_666816	15	9_1_5	34_78_78	4	12	13.82	164	0.08		1	1	1
161	13	590865	591615	593072	593361	(2:6)_(4:4aCO)_(3:5)_(4:4a)	1	2_nonsis	1458	1977	2495	                      graph_bin_annot3(13,589000,594000,c(5,6,7,8))	1	955.0_718.0_304.0	                      0.0_2.0_24.0	1910.0_1433.0_584.0	590865_591615_592777_593072	591615_592775_593048_593361	591615_592777_593072_618075	592775_593048_593361_618182	5	1_2_2	78_56_5	4	12	435.3	208	2.1		1	1	1
94	7	948202	949014	950926	951196	(2:6)_(4:4aCO)_(3:5)_(4:4a)	1	2_nonsis	1913	2453	2993	                      graph_bin_annot3(7,947000,952000,c(5,6,7,8))	1	839.0_844.0_770.0	                      418.0_694.0_500.0	1260.0_994.0_1040.0	948202_949432_950156_950926	949014_949462_950426_951196	949432_950156_950926_1050064	949462_950426_951196_1050446	13	3_7_3	78_56_6	4	12	18.26	249	0.07		1	1	1
163	13	666220	666667	667511	667766	(4:4aCO)_(5:3)_(4:4a)_(5:3)_(4:4a)	1	2_nonsis	845	1195	1545	                      graph_bin_annot3(13,665000,668000,c(1,2,7,8))	1	336.0_265.0_285.0_310.0	                      0.0_132.0_137.0_55.0	672.0_398.0_432.0_564.0	666220_666667_667024_667202_667511	666667_666892_667065_667456_667766	666667_667024_667202_667511_772587	666892_667065_667456_667766_773055	10	1_3_2_4	1278_2_2_2	5	12	1878.42	129	14.6		1	1	1
206	16	497140	497162	498200	498617	(5:3)_(4:4)_(6:2)_(4:4)_(4:4aCO)	1	2_nonsis	1039	1258	1476	                      graph_bin_annot3(16,496000,499000,c(3,4,7,8))	1	231.0_476.0_241.0_310.0	                      0.0_156.0_39.0_0.0	462.0_796.0_442.0_620.0	497140_497162_497758_497997_498200	497162_497602_497958_498200_498617	497162_497758_497997_498200_607028	497602_497958_498200_498617_607677	7	1_3_2_1	4_4_34_34	5	12	224.07	123	1.82		1	1	1
104	8	510752	510778	512291	512682	(5:3)_(4:4)_(5:3)_(6:2)_(4:4aCO)	1	2_nonsis	1514	1722	1929	                      graph_bin_annot3(8,509000,513000,c(1,2,7,8))	1	183.0_653.0_110.0_777.0	                      132.0_561.0_0.0_526.0	233.0_744.0_219.0_1028.0	510752_510910_511546_511654_512291	510778_510985_511654_511765_512682	510910_511546_511654_512291_516468	510985_511654_511765_512682_516616	12	4_3_1_4	2_2_2_1	5	12	371.14	161	2.31		1	1	1
125	10	704056	704425	705938	706135	(6:2)_(5:3)_(6:2)_(5:3)_(4:4aCO)	1	2_nonsis	1514	1796	2078	                      graph_bin_annot3(10,703000,707000,c(5,6,7,8))	1	884.0_767.0_38.0_108.0	                      589.0_630.0_3.0_0.0	1179.0_903.0_73.0_215.0	704056_705014_705865_705920_705938	704425_705235_705917_705938_706135	705014_705865_705920_705938_722676	705235_705917_705938_706135_723534	17	10_4_2_1	78_6_6_6	5	12	1740.22	173	10.06		1	1	1
177	14	410941	411667	412609	413686	(3:5)_(2:6)_(3:5)_(2:6)_(4:4aCO)	1	2_nonsis	943	1844	2744	                      graph_bin_annot3(14,409000,414000,c(1,2,5,6))	1	1085.0_23.0_129.0_607.0	                      711.0_6.0_109.0_54.0	1459.0_39.0_149.0_1160.0	410941_412378_412406_412526_412609	411667_412400_412417_412555_413686	412378_412406_412526_412609_487393	412400_412417_412555_413686_487663	25	10_3_5_7	5_6_6_6	5	12	413.59	228	1.81		1	1	1
67	6	88777	89605	91021	91098	(4:4aCO)_(5:3)_(4:4a)_(5:3)_(4:4a)	1	2_nonsis	1417	1869	2320	                      graph_bin_annot3(6,87000,92000,c(5,6,7,8))	1	715.0_193.0_854.0_108.0	                      227.0_0.0_666.0_0.0	1203.0_385.0_1041.0_215.0	88777_89832_89980_90883_91021	89605_89980_90217_91021_91098	89832_89980_90883_91021_95849	89980_90217_91021_91098_96304	12	3_1_7_1	5678_5_5_5	5	12	109.57	193	0.57		1	1	1
33	3	272348	273723	276551	277187	(5:3)_(4:4)_(5:3)_(6:2)_(4:4aCO)	1	2_nonsis	2829	3834	4838	                      graph_bin_annot3(3,271000,278000,c(1,2,3,4))	1	1176.0_637.0_372.0_1649.0	                      450.0_429.0_0.0_1128.0	1902.0_845.0_744.0_2169.0	272348_274173_274679_275018_276551	273723_274250_275018_275423_277187	274173_274679_275018_276551_303499	274250_275018_275423_277187_316620	23	11_6_1_5	1_1_1_2	5	12	388.42	403	0.96		1	1	1
141	12	230218	230960	232561	233075	(6:2)_(4:4aCO)_(5:3)_(4:4a)_(5:3)_(6:2)_(4:4a)	1	2_nonsis	1602	2229	2856	                      graph_bin_annot3(12,229000,234000,c(3,4,5,6))	1	444.0_836.0_355.0_143.0_150.0_302.0	                      0.0_586.0_162.0_25.0_3.0_0.0	888.0_1086.0_547.0_260.0_297.0_604.0	230218_230960_231692_232208_232264_232471_232561	230960_231106_232046_232239_232468_232561_233075	230960_231692_232208_232264_232471_232561_314478	231106_232046_232239_232468_232561_233075_314762	11	1_2_2_2_3_1	34_56_5_5_5_6	7	12	475.28	238	2		1	1	1
197	15	985000	985377	985377	985518	(6:2)_(4:4aCO)	1	2_nonsis	1	259	517	                      graph_bin_annot3(15,984000,986000,c(5,6,7,8))	1	259.0	                      0.0	518.0	985000_985377	985377_985518	985377_986991	985518_987247	1	1	78	2	15	0.99	43	0.02		1	2	1
62	5	414243	414432	414642	414720	(6:2)_(4:4aCO)	1	2_nonsis	211	344	476	                      graph_bin_annot3(5,413000,415000,c(3,4,5,6))	1	344.0	                      210.0	477.0	414243_414642	414432_414720	414642_461582	414720_461594	3	3	56	2	15	393.85	40	9.94		1	2	1
99	8	195826	195949	196180	196402	(6:2)_(4:4aCO)	1	2_nonsis	232	404	575	                      graph_bin_annot3(8,194000,197000,c(3,4,5,6))	1	404.0	                      231.0	576.0	195826_196180	195949_196402	196180_267804	196402_268308	3	3	34	2	15	0.99	48	0.02		1	2	1
47	4	908967	909447	909447	909908	(6:2)_(4:4aCO)	1	2_nonsis	1	471	940	                      graph_bin_annot3(4,907000,910000,c(3,4,7,8))	1	471.0	                      0.0	941.0	908967_909447	909447_909908	909447_1004000	909908_1004480	1	1	34	2	15	356.83	78	4.56		1	2	1
208	16	677287	677647	677836	678266	(6:2)_(4:4aCO)	1	2_nonsis	190	584	978	                      graph_bin_annot3(16,676000,679000,c(5,6,7,8))	1	584.0	                      189.0	979.0	677287_677836	677647_678266	677836_828891	678266_829002	5	5	56	2	15	12.34	81	0.15		1	2	1
79	7	244757	245112	245422	245686	(6:2)_(4:4aCO)	1	2_nonsis	311	620	928	                      graph_bin_annot3(7,243000,246000,c(1,2,7,8))	1	620.0	                      310.0	929.0	244757_245422	245112_245686	245422_271422	245686_271683	2	2	78	2	15	244.8	77	3.17		1	2	1
129	11	172715	173133	173315	173801	(6:2)_(4:4aCO)	1	2_nonsis	183	634	1085	                      graph_bin_annot3(11,171000,174000,c(3,4,7,8))	1	634.0	                      182.0	1086.0	172715_173315	173133_173801	173315_316845	173801_317019	2	2	34	2	15	2.47	90	0.03		1	2	1
193	15	510696	511001	511476	511568	(6:2)_(4:4aCO)	1	2_nonsis	476	674	871	                      graph_bin_annot3(15,509000,512000,c(1,2,5,6))	1	674.0	                      475.0	872.0	510696_511476	511001_511568	511476_586076	511568_586304	8	8	12	2	15	262.56	73	3.62		1	2	1
50	4	1044635	1044751	1045062	1045735	(6:2)_(4:4aCO)	1	2_nonsis	312	706	1099	                      graph_bin_annot3(4,1043000,1046000,c(5,6,7,8))	1	706.0	                      311.0	1100.0	1044635_1045062	1044751_1045735	1045062_1102674	1045735_1103455	2	2	78	2	15	170.77	92	1.87		1	2	1
203	16	253297	253600	254117	254324	(6:2)_(4:4aCO)	1	2_nonsis	518	772	1026	                      graph_bin_annot3(16,252000,255000,c(5,6,7,8))	1	772.0	                      517.0	1027.0	253297_254117	253600_254324	254117_374857	254324_375235	13	13	56	2	15	63.67	85	0.75		1	2	1
19	2	611338	611905	611905	613145	(6:2)_(4:4aCO)	1	2_nonsis	1	904	1806	                      graph_bin_annot3(2,610000,614000,c(5,6,7,8))	1	904.0	                      0.0	1807.0	611338_611905	611905_613145	611905_641433	613145_641467	1	1	78	2	15	41.46	150	0.28		1	2	1
53	4	1268647	1269918	1269918	1270457	(6:2)_(4:4aCO)	1	2_nonsis	1	905	1809	                      graph_bin_annot3(4,1267000,1271000,c(3,4,5,6))	1	905.0	                      0.0	1810.0	1268647_1269918	1269918_1270457	1269918_1355944	1270457_1357024	1	1	34	2	15	894.79	151	5.94		1	2	1
17	2	504535	504568	505298	506138	(6:2)_(4:4aCO)	1	2_nonsis	731	1167	1602	                      graph_bin_annot3(2,503000,507000,c(5,6,7,8))	1	1167.0	                      730.0	1603.0	504535_505298	504568_506138	505298_558042	506138_558499	7	7	56	2	15	400.75	133	3		1	2	1
200	16	29604	29604	29674	29749	(2:6)_(4:4aCO)	1	2_nonsis	71	108	144	                      graph_bin_annot3(16,28000,30000,c(1,2,7,8))	1	181.0	                      70.0	291.0	29458_29674	29604_29749	29674_63201	29749_63205	2	2	78	2	16	5.43	12	0.45		1	2	1
43	4	699938	700023	700170	700186	(2:6)_(4:4aCO)	1	2_nonsis	148	198	247	                      graph_bin_annot3(4,698000,701000,c(3,4,5,6))	1	198.0	                      147.0	248.0	699938_700170	700023_700186	700170_743651	700186_743850	3	3	34	2	16	19.74	21	0.96		1	2	1
195	15	670429	670593	670593	670904	(2:6)_(4:4aCO)	1	2_nonsis	1	238	474	                      graph_bin_annot3(15,669000,671000,c(3,4,5,6))	1	238.0	                      0.0	475.0	670429_670593	670593_670904	670593_806960	670904_807123	1	1	34	2	16	249.73	39	6.33		1	2	1
190	15	407171	407340	407340	407771	(2:6)_(4:4aCO)	1	2_nonsis	1	300	599	                      graph_bin_annot3(15,406000,408000,c(5,6,7,8))	1	300.0	                      0.0	600.0	407171_407340	407340_407771	407340_461434	407771_461644	1	1	78	2	16	10.36	50	0.21		1	2	1
166	13	838248	838336	838336	838867	(2:6)_(4:4aCO)	1	2_nonsis	1	310	618	                      graph_bin_annot3(13,837000,839000,c(3,4,7,8))	1	310.0	                      0.0	619.0	838248_838336	838336_838867	838336_917449	838867_924431	1	1	34	2	16	1.48	51	0.03		1	2	1
96	8	81666	81666	81685	82351	(2:6)_(4:4aCO)	1	2_nonsis	20	352	684	                      graph_bin_annot3(8,80000,83000,c(1,2,5,6))	1	525.0	                      19.0	1031.0	81320_81685	81666_82351	81685_98484	82351_98622	2	2	56	2	16	134.74	57	2.37		1	2	1
148	12	677815	677890	678194	678512	(2:6)_(4:4aCO)	1	2_nonsis	305	501	696	                      graph_bin_annot3(12,676000,679000,c(1,2,5,6))	1	501.0	                      304.0	697.0	677815_678194	677890_678512	678194_849651	678512_854761	4	4	12	2	16	1102.08	58	19.02		1	2	1
40	4	410728	411048	411335	411785	(2:6)_(4:4aCO)	1	2_nonsis	288	672	1056	                      graph_bin_annot3(4,409000,412000,c(3,4,7,8))	1	672.0	                      287.0	1057.0	410728_411335	411048_411785	411335_476888	411785_477034	2	2	78	2	16	176.19	88	2		1	2	1
196	15	806960	807123	807631	807840	(2:6)_(4:4aCO)	1	2_nonsis	509	694	879	                      graph_bin_annot3(15,805000,808000,c(1,2,3,4))	1	694.0	                      508.0	880.0	806960_807631	807123_807840	807631_985000	807840_985377	6	6	12	2	16	189.52	73	2.59		1	2	1
168	14	56038	57439	57439	57579	(2:6)_(4:4aCO)	1	2_nonsis	1	771	1540	                      graph_bin_annot3(14,55000,58000,c(3,4,5,6))	1	771.0	                      0.0	1541.0	56038_57439	57439_57579	57439_116131	57579_116459	1	1	56	2	16	42.44	128	0.33		1	2	1
21	2	661374	662094	662444	666708	(2:6)_(4:4aCO)	1	2_nonsis	351	2842	5333	                      graph_bin_annot3(2,660000,667000,c(5,6,7,8))	1	2842.0	                      350.0	5334.0	661374_662444	662094_666708	662444_679385	666708_680044	3	3	78	2	16	1862.13	444	4.19		1	2	1
27	3	78844	78844	77900	78844	(4:4aCO)	1	2_nonsis	0	-1	-1	                      graph_bin_annot3(3,77000,79000,c(5,6,7,8))	1	0	                      0	0	77900	78844	96055	96799	0	0	0	1	100	0	0	0		1	1	1
157	13	287574	287682	287574	287682	(4:4aCO)	1	2_nonsis	0	54	107	                      graph_bin_annot3(13,286000,288000,c(1,2,3,4))	1	0	                      0	0	287574	287682	456970	457507	0	0	0	1	100	79.95	9	8.97		1	1	1
38	4	164096	164298	164096	164298	(4:4aCO)	1	2_nonsis	0	101	201	                      graph_bin_annot3(4,163000,165000,c(3,4,5,6))	1	0	                      0	0	164096	164298	278692	280191	0	0	0	1	100	318.83	17	19.05		1	1	1
2	1	61708	61999	61708	61999	(4:4aCO)	1	2_nonsis	0	145	290	                      graph_bin_annot3(1,60000,62000,c(1,2,7,8))	1	0	                      0	0	61708	61999	130975	135319	0	0	0	1	100	3.95	24	0.16		1	1	1
204	16	374857	375235	374857	375235	(4:4aCO)	1	2_nonsis	0	189	377	                      graph_bin_annot3(16,373000,376000,c(1,2,7,8))	1	0	                      0	0	374857	375235	454587	454982	0	0	0	1	100	149.05	31	4.75		1	1	1
31	3	225200	225631	225200	225631	(4:4aCO)	1	2_nonsis	0	215	430	                      graph_bin_annot3(3,224000,226000,c(1,2,7,8))	1	0	                      0	0	225200	225631	238725	238995	0	0	0	1	100	1911.48	36	53.39		1	1	1
143	12	341070	341507	341070	341507	(4:4aCO)	1	2_nonsis	0	218	436	                      graph_bin_annot3(12,340000,342000,c(3,4,7,8))	1	0	                      0	0	341070	341507	439951	440042	0	0	0	1	100	1630.16	36	44.91		1	1	1
111	9	303489	303983	303489	303983	(4:4aCO)	1	2_nonsis	0	247	493	                      graph_bin_annot3(9,302000,304000,c(1,2,5,6))	1	0	                      0	0	303489	303983	424642	424776	0	0	0	1	100	1.48	41	0.04		1	1	1
207	16	607028	607677	607028	607677	(4:4aCO)	1	2_nonsis	0	324	648	                      graph_bin_annot3(16,606000,608000,c(5,6,7,8))	1	0	                      0	0	607028	607677	677287	677647	0	0	0	1	100	108.09	54	2		1	1	1
54	4	1355944	1357024	1355944	1357024	(4:4aCO)	1	2_nonsis	0	540	1079	                      graph_bin_annot3(4,1354000,1358000,c(5,6,7,8))	1	0	                      0	0	1355944	1357024	1509719	1509983	0	0	0	1	100	4.94	90	0.05		1	1	1
59	5	256810	258361	256810	258361	(4:4aCO)	1	2_nonsis	0	775	1550	                      graph_bin_annot3(5,255000,259000,c(1,2,7,8))	1	0	                      0	0	256810	258361	318016	318309	0	0	0	1	100	62.68	129	0.49		1	1	1
3	1	130975	135319	130975	135319	(4:4aCO)	1	2_nonsis	0	2172	4343	                      graph_bin_annot3(1,129000,136000,c(3,4,7,8))	1	0	                      0	0	130975	135319	173222	173966	0	0	0	1	100	524.14	362	1.45		1	1	1
46	4	816853	817682	817919	818507	(3:5)_(3:5a)_(4:4aCO)	1	2_nonsis	238	946	1653	                      graph_bin_annot3(4,815000,819000,c(1,2,7,8))	2	501.0_445.0	                      0.0_65.0	1001.0_825.0	816853_817682_817919	817682_817854_818507	817682_817919_908967	817854_818507_909447	3	1_2	2_12	3	31	144.61	138	1.05		1	1	1
121	10	398357	398746	399390	400622	(3:5)_(3:5a)_(4:4aCO)	1	2_nonsis	645	1455	2264	                      graph_bin_annot3(10,397000,401000,c(1,2,3,4))	2	320.0_1135.0	                      0.0_393.0	640.0_1876.0	398357_398746_399390	398746_398997_400622	398746_399390_453451	398997_400622_454963	3	1_2	2_14	3	31	15.3	189	0.08		1	1	1
91	7	799970	800086	803311	803780	(3:5)_(3:5a)_(3:5b)_(4:4aCO)	1	2_nonsis	3226	3518	3809	                      graph_bin_annot3(7,798000,804000,c(1,2,3,4))	2	279.0_2547.0_693.0	                      85.0_2108.0_155.0	472.0_2985.0_1230.0	799970_800171_802550_803311	800086_800442_803156_803780	800171_802550_803311_848452	800442_803156_803780_848688	13	3_7_3	3_34_23	4	31	1288.14	317	4.06		1	1	1
182	14	689057	689310	690428	691115	(2:6)_(4:4aCO)_(3:5)_(3:5a)_(4:4a)	1	2_nonsis	1119	1588	2057	                      graph_bin_annot3(14,688000,692000,c(3,4,5,6))	2	251.0_629.0_232.0_477.0	                      0.0_406.0_0.0_0.0	501.0_852.0_464.0_953.0	689057_689310_689964_690162_690428	689310_689558_690162_690428_691115	689310_689964_690162_690428_781374	689558_690162_690428_691115_784333	8	1_5_1_1	34_56_5_56	5	31	624.33	171	3.65		1	1	1
106	9	39367	39367	42866	43949	(2:6)_(3:5)_(2:6)_(3:5)_(3:5a)_(4:4aCO)	1	2_nonsis	3500	4041	4581	                      graph_bin_annot3(9,38000,44000,c(1,2,7,8))	2	1089.0_1867.0_57.0_475.0_1627.0	                      6.0_1830.0_0.0_327.0_968.0	2171.0_1903.0_114.0_622.0_2285.0	37222_39373_41223_41276_41664_42866	39367_39393_41276_41337_41898_43949	39373_41223_41276_41664_42866_46174	39393_41276_41337_41898_43949_46556	25	2_10_1_6_6	12_2_2_2_12	6	31	333.63	381	0.87		1	1	1
56	5	16323	16323	18447	18515	(5:3)_(4:4)_(5:3a)_(4:4aCO)	1	2_nonsis	2125	2158	2191	                      graph_bin_annot3(5,15000,19000,c(1,2,3,4))	2	550.0_1442.0_346.0	                      0.0_759.0_0.0	1099.0_2124.0_691.0	15966_16323_17824_18447	16323_17065_18447_18515	16323_17824_18447_173989	17065_18447_18515_174295	11	1_9_1	4_4_134	4	32	10.36	182	0.06		1	1	1
169	14	116131	116459	118803	119128	(3:5)_(4:4)_(3:5a)_(4:4aCO)	1	2_nonsis	2345	2671	2996	                      graph_bin_annot3(14,115000,120000,c(3,4,5,6))	2	638.0_146.0_1888.0	                      433.0_82.0_1702.0	842.0_209.0_2073.0	116131_116892_117055_118803	116459_116973_117101_119128	116892_117055_118803_136113	116973_117101_119128_136144	21	5_3_13	4_4_3	4	32	987.08	249	3.96		1	1	1
117	10	189441	190275	192156	192956	(5:3)_(4:4aCO)_(5:3a)_(4:4a)	1	2_nonsis	1882	2698	3514	                      graph_bin_annot3(10,188000,193000,c(1,2,3,4))	2	916.0_766.0_1017.0	                      23.0_209.0_535.0	1808.0_1323.0_1498.0	189441_190298_191458_192156	190275_191249_191621_192956	190298_191458_192156_302207	191249_191621_192956_302882	10	2_6_2	1_234_3	4	32	1319.73	293	4.51		1	1	1
42	4	614321	614433	617533	617915	(5:3)_(6:2)_(5:3a)_(4:4aCO)	1	2_nonsis	3101	3347	3593	                      graph_bin_annot3(4,613000,618000,c(1,2,5,6))	2	81.0_1839.0_1427.0	                      0.0_1731.0_1153.0	162.0_1947.0_1701.0	614321_614433_616214_617533	614433_614483_616380_617915	614433_616214_617533_699938	614483_616380_617915_700023	38	1_27_10	2_1_5	4	32	450.11	299	1.5		1	1	1
86	7	559914	560083	560364	560455	(5:3)_(3:5)_(4:4aCO)	1	2_nonsis	282	411	540	                      graph_bin_annot3(7,558000,561000,c(5,6,7,8))	3	225.0_186.0	                      0.0_0.0	450.0_372.0	559914_560083_560364	560083_560364_560455	560083_560364_609614	560364_560455_609644	2	1_1	6_5678	3	20	61.2	45	1.36		2	2	1
210	16	921352	921490	921998	922220	(2:6)_(6:2)_(4:4aCO)	1	2_nonsis	509	688	867	                      graph_bin_annot3(16,920000,923000,c(5,6,7,8))	3	501.0_188.0	                      355.0_0.0	646.0_375.0	921352_921845_921998	921490_921998_922220	921845_921998_925093	921998_922220_948066	3	2_1	78_5678	3	20	1769.34	72	24.51		2	2	1
5	1	184083	184235	184921	185150	(2:6)_(6:2)_(4:4aCO)	1	2_nonsis	687	877	1066	                      graph_bin_annot3(1,183000,186000,c(3,4,7,8))	3	557.0_320.0	                      275.0_0.0	838.0_640.0	184083_184510_184921	184235_184921_185150	184510_184921_203038	184921_185150_230218	10	9_1	34_3478	3	20	68.11	89	0.77		2	2	1
176	14	372088	372101	373375	373628	(3:5)_(5:3)_(4:4aCO)	1	2_nonsis	1275	1407	1539	                      graph_bin_annot3(14,371000,374000,c(3,4,5,6))	3	343.0_1064.0	                      158.0_759.0	528.0_1369.0	372088_372259_373375	372101_372616_373628	372259_373375_410941	372616_373628_411667	9	3_6	4_56	3	20	171.26	128	1.34		2	2	1
110	9	175126	175167	176578	177082	(5:3)_(3:5)_(4:4aCO)	1	2_nonsis	1412	1684	1955	                      graph_bin_annot3(9,174000,178000,c(1,2,5,6))	3	407.0_1277.0	                      201.0_840.0	612.0_1714.0	175126_175368_176578	175167_175738_177082	175368_176578_303489	175738_177082_303983	10	3_7	6_12	3	20	55.28	163	0.34		2	2	1
123	10	544523	545038	547200	547730	(3:5)_(5:3)_(4:4aCO)	1	2_nonsis	2163	2685	3206	                      graph_bin_annot3(10,543000,548000,c(1,2,3,4))	3	1535.0_1150.0	                      1065.0_673.0	2004.0_1627.0	544523_546103_547200	545038_546527_547730	546103_547200_585466	546527_547730_586827	8	4_4	4_12	3	20	780.29	267	2.92		2	2	1
90	7	733970	733979	734573	734668	(2:6)_(5:3)_(2:6)_(4:4aCO)	1	2_nonsis	595	646	697	                      graph_bin_annot3(7,732000,735000,c(1,2,3,4))	3	252.0_225.0_169.0	                      144.0_0.0_0.0	360.0_450.0_338.0	733970_734123_734330_734573	733979_734330_734573_734668	734123_734330_734573_799970	734330_734573_734668_800086	4	2_1_1	12_123_123	4	20	2.96	58	0.05		2	2	1
57	5	173989	174295	174794	175154	(3:5)_(4:4)_(5:3)_(4:4aCO)	1	2_nonsis	500	832	1164	                      graph_bin_annot3(5,172000,176000,c(1,2,5,6))	3	409.0_163.0_261.0	                      174.0_0.0_0.0	644.0_325.0_521.0	173989_174469_174633_174794	174295_174633_174794_175154	174469_174633_174794_183549	174633_174794_175154_183864	5	3_1_1	5_5_125	4	20	954.51	97	9.85		2	2	1
34	4	61275	61275	62205	62366	(3:5)_(6:2)_(5:3)_(4:4aCO)	1	2_nonsis	931	1011	1090	                      graph_bin_annot3(4,60000,63000,c(3,4,7,8))	3	443.0_465.0_153.0	                      0.0_0.0_0.0	886.0_930.0_305.0	61175_61275_62061_62205	61275_62061_62205_62366	61275_62061_62205_64539	62061_62205_62366_64917	3	1_1_1	4_478_4	4	20	702.31	91	7.74		2	2	1
98	8	120445	121477	122655	122848	(5:3)_(3:5)_(6:2)_(4:4aCO)	1	2_nonsis	1179	1791	2402	                      graph_bin_annot3(8,119000,123000,c(1,2,5,6))	3	842.0_599.0_351.0	                      141.0_182.0_22.0	1542.0_1015.0_679.0	120445_121618_122169_122655	121477_121987_122633_122848	121618_122169_122655_195826	121987_122633_122848_195949	7	2_2_3	5_12_126	4	20	2659.69	200	13.3		2	2	1
39	4	278692	280191	281647	281853	(2:6)_(4:4aCO)_(6:2)_(5:3)_(4:4a)	1	2_nonsis	1457	2309	3160	                      graph_bin_annot3(4,277000,282000,c(3,4,5,6))	3	953.0_253.0_371.0_732.0	                      0.0_0.0_237.0_545.0	1906.0_506.0_504.0_919.0	278692_280191_280598_280934_281647	280191_280598_280697_281102_281853	280191_280598_280934_281647_410728	280598_280697_281102_281853_411048	15	1_1_4_9	34_56_34_3	5	20	17.77	263	0.07		2	2	1
179	14	549663	550069	553809	554217	(3:5)_(5:3)_(4:4aCO)_(5:3)_(4:4a)	1	2_nonsis	3741	4147	4553	                      graph_bin_annot3(14,548000,555000,c(1,2,5,6))	3	1344.0_631.0_307.0_1866.0	                      704.0_0.0_0.0_1550.0	1983.0_1262.0_613.0_2182.0	549663_550773_551646_552035_553809	550069_551646_552035_552259_554217	550773_551646_552035_553809_574949	551646_552035_552259_554217_575525	13	2_1_1_9	5_12_6_6	5	20	669.73	379	1.77		2	2	1
135	11	573530	574134	577779	578230	(5:3)_(6:2)_(5:3)_(3:5)_(4:4aCO)	1	2_nonsis	3646	4173	4699	                      graph_bin_annot3(11,572000,579000,c(1,2,5,6))	3	2340.0_358.0_213.0_1263.0	                      1718.0_30.0_0.0_832.0	2962.0_685.0_425.0_1693.0	573530_575852_576522_576537_577779	574134_576492_576537_576947_578230	575852_576522_576537_577779_614450	576492_576537_576947_578230_614538	22	13_4_1_4	1_2_2_56	5	20	769.43	391	1.97		2	2	1
1	1	36898	36898	38689	38888	(2:6)_(3:5)_(5:3)_(4:4aCO)_(3:5)_(4:4a)	1	2_nonsis	1792	1891	1989	                      graph_bin_annot3(1,35000,39000,c(3,4,5,6))	3	430.0_373.0_83.0_160.0_1215.0	                      0.0_275.0_0.0_93.0_1094.0	859.0_471.0_166.0_226.0_1335.0	36160_36898_37294_37369_37553_38689	36898_37019_37369_37460_37595_38888	36898_37294_37369_37553_38689_61708	37019_37369_37460_37595_38888_61999	20	1_2_1_3_13	34_6_34_345_5	6	20	257.13	166	1.55		2	2	1
82	7	427600	427741	431344	431867	(3:5)_(4:4)_(5:3)_(4:4aCO)_(5:3)_(4:4a)	1	2_nonsis	3604	3935	4266	                      graph_bin_annot3(7,426000,432000,c(1,2,3,4))	3	309.0_259.0_911.0_224.0_2233.0	                      66.0_0.0_695.0_0.0_1877.0	552.0_518.0_1126.0_447.0_2589.0	427600_427807_428152_429020_429278_431344	427741_428152_428325_429278_429467_431867	427807_428152_429020_429278_431344_442184	428152_428325_429278_429467_431867_442299	25	2_1_10_1_11	3_3_123_4_4	6	20	1221.02	355	3.44		2	2	1
185	15	170203	170363	172081	172515	(3:5)_(4:4)_(3:5a)_(2:6)_(3:5)_(6:2)_(4:4aCO)	1	2_nonsis	1719	2015	2311	                      graph_bin_annot3(15,169000,173000,c(1,2,3,4))	3	135.0_154.0_224.0_271.0_898.0_333.0	                      0.0_0.0_0.0_0.0_636.0_0.0	270.0_308.0_448.0_542.0_1160.0_666.0	170203_170363_170473_170671_170921_171849_172081	170363_170473_170671_170921_171213_172081_172515	170363_170473_170671_170921_171849_172081_205739	170473_170671_170921_171213_172081_172515_205841	9	1_1_1_1_4_1	1_1_2_1_2_134	7	20	535	192	2.78		2	2	1
160	13	540526	540798	543392	543706	(6:2)_(4:4)_(6:2)_(4:4)_(6:2)_(3:5)_(4:4aCO)	1	2_nonsis	2595	2887	3179	                      graph_bin_annot3(13,539000,544000,c(3,4,7,8))	3	273.0_1051.0_358.0_145.0_282.0_779.0	                      0.0_781.0_179.0_0.0_0.0_439.0	545.0_1321.0_537.0_289.0_564.0_1119.0	540526_540798_541852_542298_542389_542587_543392	540798_541071_542119_542389_542587_542953_543706	540798_541852_542298_542389_542587_543392_590865	541071_542119_542389_542587_542953_543706_591615	22	1_11_4_1_1_4	78_78_78_78_78_478	7	20	1322.69	265	5		2	2	1
202	16	168076	169035	171270	171314	(6:2)_(4:4)_(3:5)_(2:6)_(3:5)_(4:4)_(3:5)_(4:4aCO)	1	2_nonsis	2236	2737	3237	                      graph_bin_annot3(16,167000,172000,c(5,6,7,8))	3	769.0_1166.0_318.0_107.0_110.0_149.0_120.0	                      0.0_736.0_129.0_0.0_0.0_0.0_0.0	1537.0_1595.0_507.0_213.0_219.0_298.0_239.0	168076_169035_170349_170759_170856_170972_171075_171270	169035_169613_170630_170856_170972_171075_171270_171314	169035_170349_170759_170856_170972_171075_171270_253297	169613_170630_170856_170972_171075_171270_171314_253600	25	1_15_5_1_1_1_1	78_78_5_6_6_5_5	8	20	744.75	270	2.76		2	2	1
132	11	428081	428986	429694	429883	(4:4ai)_(5:3)_(3:5)_(4:4bCO)	1	2_nonsis	709	1255	1801	                      graph_bin_annot3(11,427000,430000,c(1,2,5,6))	3	509.0_135.0_612.0	                      19.0_64.0_484.0	998.0_205.0_740.0	428081_429005_429143_429694	428986_429079_429210_429883	429005_429143_429694_477776	429079_429210_429883_479195	12	2_3_7	15_6_26	4	21	379.53	150	2.53		2	2	1
8	2	70638	70774	72233	72395	(5:3)_(4:4ai)_(3:5)_(2:6)_(3:5)_(4:4bCO)	1	2_nonsis	1460	1608	1756	                      graph_bin_annot3(2,69000,73000,c(3,4,5,6))	3	513.0_268.0_141.0_296.0_391.0	                      387.0_144.0_68.0_194.0_215.0	638.0_392.0_214.0_397.0_567.0	70638_71161_71420_71621_71828_72233	70774_71276_71553_71634_72018_72395	71161_71420_71621_71828_72233_215989	71276_71553_71634_72018_72395_216051	17	2_3_3_4_5	5_3_4_5_5	6	21	1762.43	146	12.05		2	2	1
35	4	64539	64917	66855	67141	(5:3)_(4:4ai)_(3:5)_(2:6)_(3:5)_(4:4bCO)	1	2_nonsis	1939	2270	2601	                      graph_bin_annot3(4,63000,68000,c(1,2,3,4))	3	364.0_809.0_388.0_86.0_625.0	                      33.0_337.0_0.0_0.0_454.0	694.0_1280.0_775.0_171.0_796.0	64539_64950_65570_66230_66345_66855	64917_65233_66230_66345_66401_67141	64950_65570_66230_66345_66855_68799	65233_66230_66345_66401_67141_69384	14	2_6_1_1_4	4_2_1_4_4	6	21	45.41	217	0.21		2	2	1
9	2	215989	216051	218741	219119	(3:5)_(4:4ai)_(5:3)_(4:4bCO)	1	3	2691	2910	3129	                      graph_bin_annot3(2,214000,220000,c(1,2,3,4,5,6))	0	1070.0_485.0_1356.0	                      1019.0_0.0_702.0	1120.0_969.0_2010.0	215989_217070_217109_218741	216051_217109_218039_219119	217070_217109_218741_269036	217109_218039_219119_269210	17	10_1_6	5_1_246	0	2	1758.98	261	6.75		2	2	2
15	2	430067	431229	435951	436119	(3:5)_(3:5a)_(2:6)_(3:5)_(4:4)_(3:5)_(5:3)_(4:4aCO)	1	3	4723	5387	6051	                      graph_bin_annot3(2,429000,437000,c(3,4,5,6,7,8))	0	798.0_731.0_1387.0_893.0_403.0_950.0_225.0	                      0.0_362.0_943.0_574.0_0.0_433.0_0.0	1596.0_1100.0_1831.0_1212.0_806.0_1467.0_450.0	430067_431229_432025_433272_434430_434484_435669_435951	431229_431663_432329_433856_434484_435236_435951_436119	431229_432025_433272_434430_434484_435669_435951_466266	431663_432329_433856_434484_435236_435951_436119_466523	29	1_6_14_3_1_3_1	3_45_5_4_3_3_78	0	2	705.76	504	1.4		2	2	2
80	7	271422	271683	273422	273707	(3:5)_(4:4ai)_(4:4bCO)	1	3	1740	2012	2284	                      graph_bin_annot3(7,270000,274000,c(1,2,3,4,5,6))	0	1443.0_570.0	                      885.0_0.0	2000.0_1139.0	271422_272568_273422	271683_273422_273707	272568_273422_345438	273422_273707_345471	5	4_1	6_135	0	2	1943.07	190	10.22		2	2	2
140	12	223258	223495	225620	225795	(3:5)_(2:6)_(3:5)_(4:4)_(3:5a)_(4:4aCO)	1	3	2126	2331	2536	                      graph_bin_annot3(12,222000,226000,c(1,2,5,6,7,8))	0	829.0_49.0_468.0_721.0_265.0	                      698.0_21.0_0.0_91.0_0.0	960.0_77.0_935.0_1350.0_530.0	223258_224193_224239_224270_225265_225620	223495_224218_224270_225174_225620_225795	224193_224239_224270_225265_225620_230218	224218_224270_225174_225620_225795_230960	19	9_4_1_4_1	2_1_1_2_578	0	2	419.02	211	1.98		2	2	2
172	14	190429	190588	192780	193106	(2:6)_(3:5)_(4:4ai)_(4:4bCO)	1	3	2193	2435	2676	                      graph_bin_annot3(14,189000,194000,c(1,2,3,4,5,6))	0	542.0_1246.0_647.0	                      376.0_779.0_104.0	708.0_1712.0_1190.0	190429_190964_191916_192780	190588_191137_192676_193106	190964_191916_192780_307665	191137_192676_193106_307785	12	3_7_2	56_2_3	0	2	274.9	223	1.23		2	2	2
209	16	828891	829002	832685	832807	(2:6)_(4:4aCO)_(3:5)_(3:5a)_(4:4a)	1	3	3684	3800	3915	                      graph_bin_annot3(16,827000,833000,c(3,4,5,6,7,8))	0	765.0_1458.0_1181.0_396.0	                      416.0_1156.0_1119.0_282.0	1113.0_1760.0_1243.0_510.0	828891_829418_831160_832297_832685	829002_830004_831178_832403_832807	829418_831160_832297_832685_921352	830004_831178_832403_832807_921490	18	6_3_6_3	56_78_4_34	0	2	504.4	326	1.55		2	2	2
95	7	1050064	1050446	1052107	1052468	(2:6)_(4:4aCO)_(6:2)_(4:4bCO)	2	3	1662	2033	2403	                      graph_bin_annot3(7,1049000,1053000,c(1,2,5,6,7,8))	0	497.0_782.0_755.0	                      0.0_36.0_134.0	993.0_1527.0_1375.0	1050064_1050446_1051093_1052107	1050446_1051057_1051973_1052468	1050446_1051093_1052107_1064130	1051057_1051973_1052468_1090940	7	1_2_4	12_78_12	0	3	731.92	200	3.66		2	2	2
122	10	453451	454963	455506	456781	(3:5)_(4:4aCO)_(3:5a)_(4:4CO)	2	2_nonsis	544	1937	3329	                      graph_bin_annot3(10,452000,457000,c(5,6,7,8))	0	905.0_337.0_696.0	                      0.0_130.0_0.0	1809.0_543.0_1391.0	453451_454963_455390_455506	454963_455260_455506_456781	454963_455390_455506_544523	455260_455506_456781_545038	4	1_2_1	6_578_678	0	3	528.09	277	1.91		2	2	1
126	10	722676	723534	725475	725492	(3:5)_(4:4aCO)_(3:5)_(2:6)_(3:5)_(4:4CO)_(5:3)_(4:4)	2	2_nonsis	1942	2379	2815	                      graph_bin_annot3(10,721000,726000,c(3,4,7,8))	0	1545.0_34.0_140.0_41.0_208.0_207.0_206.0	                      1108.0_0.0_110.0_0.0_119.0_0.0_42.0	1981.0_68.0_169.0_81.0_297.0_413.0_369.0	722676_724642_724657_724820_724826_725020_725123_725475	723534_724657_724710_724826_724901_725123_725433_725492	724642_724657_724820_724826_725020_725123_725475_725933	724657_724710_724826_724901_725123_725433_725492_745751	31	18_1_5_1_3_1_2	378_4_4_3_3_378_3	0	3	79.95	234	0.34		2	2	1
150	12	1013592	1014017	1015598	1015774	(4:4aCO)_(2:6)_(3:5)_(4:4a)_(2:6)_(3:5a)_(4:4CO)	2	2_nonsis	1582	1882	2181	                      graph_bin_annot3(12,1012000,1016000,c(5,6,7,8))	0	303.0_105.0_67.0_208.0_108.0_1091.0	                      0.0_0.0_0.0_105.0_3.0_949.0	606.0_210.0_134.0_311.0_212.0_1233.0	1013592_1014017_1014198_1014227_1014437_1014541_1015598	1014017_1014198_1014227_1014332_1014538_1014649_1015774	1014017_1014198_1014227_1014437_1014541_1015598_1059350	1014198_1014227_1014332_1014538_1014649_1015774_1078177	13	1_1_1_2_2_6	5678_78_5_578_78_6	0	3	334.13	182	1.84		2	2	1
