id	chr	start5	start3	stop5	stop3	type	CO	chromatids	classe	len_min	len_mid	len_max	nb_snp	commande
211	1	36160	36898	38689	38888	2:6_3:5_5:3_4:4_3:5	CO	2	2_nonsis	1792	2260	2727	20	                        graph_bin_annot3(1,35000,39000)
212	1	61708	61999	61708	61999		CO	2	2_nonsis	0	145	290	0	                        graph_bin_annot3(1,60000,62000)
213	1	130975	135319	130975	135319		CO	2	2_nonsis	0	2172	4343	0	                        graph_bin_annot3(1,129000,136000)
214	1	173222	173966	175578	175876	5:3_5:3	NCO	1	1_2brins	1613	2133	2653	6	                        graph_bin_annot3(1,172000,176000)
215	1	184083	184235	184921	185150	2:6_6:2	CO	2	2_nonsis	687	876	1066	10	                        graph_bin_annot3(1,183000,186000)
216	2	45075	45304	47900	47948	5:3_4:4_5:3_5:3	NCO	2	2_nonsis	2597	2734	2872	12	                        graph_bin_annot3(2,44000,48000)
217	2	61810	62000	62445	62830	6:2_5:3	CO	2	2_nonsis	446	732	1019	2	                        graph_bin_annot3(2,60000,63000)
218	2	70638	70774	72233	72395	5:3_4:4*_3:5_2:6_3:5	CO	2	2_nonsis	1460	1608	1756	17	                        graph_bin_annot3(2,69000,73000)
219	2	215989	216051	218741	219119	3:5_4:4*_5:3	CO	3	3	2691	2910	3129	17	                        graph_bin_annot3(2,214000,220000)
220	2	269036	269210	270207	270387	5:3_4:4_5:3	NCO	1	1_2brins	998	1174	1350	9	                        graph_bin_annot3(2,268000,271000)
221	2	317892	318192	318225	318982	3:5	CO	2	2_nonsis	34	562	1089	2	                        graph_bin_annot3(2,316000,319000)
222	2	350451	350900	350900	351083	3:5	NCO	1	1_1brin	1	316	631	1	                        graph_bin_annot3(2,349000,352000)
223	2	371746	372547	373488	373782	3:5_3:5	NCO	1	1_2brins	942	1488	2035	7	                        graph_bin_annot3(2,370000,374000)
224	2	392022	392544	393197	393340	6:2	NCO	1	1_2brins	654	986	1317	3	                        graph_bin_annot3(2,391000,394000)
225	2	430067	431229	435951	436119	3:5_3:5_2:6_3:5_4:4_3:5_5:3	CO	3	3	4723	5387	6051	29	                        graph_bin_annot3(2,429000,437000)
226	2	466266	466523	467353	468345	5:3_4:4_5:3_4:4_5:3	NCO	1	1_2brins	831	1454	2078	7	                        graph_bin_annot3(2,465000,469000)
227	2	504535	504568	505298	506138	6:2	CO	2	2_nonsis	731	1166	1602	7	                        graph_bin_annot3(2,503000,507000)
228	2	558042	558499	558499	558576	6:2	NCO	1	1_2brins	1	267	533	1	                        graph_bin_annot3(2,557000,559000)
229	2	611338	611905	611905	613145	6:2	CO	2	2_nonsis	1	904	1806	1	                        graph_bin_annot3(2,610000,614000)
230	2	641433	641467	642776	643134	5:3_4:4_5:3	NCO	1	1_1brin	1310	1505	1700	8	                        graph_bin_annot3(2,640000,644000)
231	2	661374	662094	662444	666708	2:6	CO	2	2_nonsis	351	2842	5333	3	                        graph_bin_annot3(2,660000,667000)
232	2	679385	680044	681414	681557	6:2_4:4_6:2	NCO	1	1_2brins	1371	1771	2171	4	                        graph_bin_annot3(2,678000,682000)
233	2	701354	701832	703042	703256	3:5_4:4_3:5	NCO	1	1_2brins	1211	1556	1901	6	                        graph_bin_annot3(2,700000,704000)
234	2	730662	730763	731596	731934	5:3	NCO	1	1_1brin	834	1052	1271	12	                        graph_bin_annot3(2,729000,732000)
235	2	767058	767298	768073	769699	3:5_3:5	NCO	1	1_2brins	776	1708	2640	4	                        graph_bin_annot3(2,766000,770000)
236	2	786902	787329	787939	788189	5:3_6:2_5:3	NCO	1	1_2brins	611	948	1286	11	                        graph_bin_annot3(2,785000,789000)
237	3	77900	78844	77900	78844		CO	2	2_nonsis	0	472	943	0	                        graph_bin_annot3(3,76000,79000)
238	3	96055	96799	97696	98578	2:6_3:5	NCO	2	2_nonsis	898	1710	2522	5	                        graph_bin_annot3(3,95000,99000)
239	3	146470	146649	146949	147882	2:6_4:4	CO	2	2_nonsis	301	856	1411	3	                        graph_bin_annot3(3,145000,148000)
240	3	207534	207705	208489	208699	3:5_3:5	NCO	1	1_2brins	785	974	1164	6	                        graph_bin_annot3(3,206000,209000)
241	3	225200	225631	225200	225631		CO	2	2_nonsis	0	215	430	0	                        graph_bin_annot3(3,224000,226000)
242	3	238725	238995	239515	240922	3:5	NCO	1	1_1brin	521	1358	2196	5	                        graph_bin_annot3(3,237000,241000)
243	3	272348	273723	276551	277187	5:3_4:4_5:3_6:2	CO	2	2_nonsis	2829	3834	4838	23	                        graph_bin_annot3(3,271000,278000)
244	4	61175	61275	62205	62366	3:5_6:2_5:3	CO	2	2_nonsis	931	1060	1190	3	                        graph_bin_annot3(4,60000,63000)
245	4	64539	64917	66855	67141	5:3_4:4*_3:5_2:6_3:5	CO	2	2_nonsis	1939	2270	2601	14	                        graph_bin_annot3(4,63000,68000)
246	4	68799	69384	69990	70167	5:3	CO	2	2_nonsis	607	987	1367	3	                        graph_bin_annot3(4,67000,71000)
247	4	71525	71645	71743	72032	5:3	NCO	1	1_1brin	99	302	506	2	                        graph_bin_annot3(4,70000,73000)
248	4	164096	164298	164096	164298		CO	2	2_nonsis	0	100	201	0	                        graph_bin_annot3(4,163000,165000)
249	4	278692	280191	281647	281853	2:6_4:4_6:2_5:3	CO	2	2_nonsis	1457	2308	3160	15	                        graph_bin_annot3(4,277000,282000)
250	4	410728	411048	411335	411785	2:6	CO	2	2_nonsis	288	672	1056	2	                        graph_bin_annot3(4,409000,412000)
251	4	476888	477034	478019	478092	5:3_5:3	NCO	1	1_2brins	986	1094	1203	8	                        graph_bin_annot3(4,475000,479000)
252	4	614321	614433	617533	617915	5:3_6:2_5:3	CO	2	2_nonsis	3101	3347	3593	38	                        graph_bin_annot3(4,613000,618000)
253	4	699938	700023	700170	700186	2:6	CO	2	2_nonsis	148	198	247	3	                        graph_bin_annot3(4,698000,701000)
254	4	743651	743850	744435	745067	5:3_5:3	NCO	1	1_2brins	586	1000	1415	4	                        graph_bin_annot3(4,742000,746000)
255	4	787173	787632	787632	787723	5:3	NCO	1	1_1brin	1	275	549	1	                        graph_bin_annot3(4,786000,788000)
256	4	816853	817682	817919	818507	3:5_3:5	CO	2	2_nonsis	238	946	1653	3	                        graph_bin_annot3(4,815000,819000)
257	4	908967	909447	909447	909908	6:2	CO	2	2_nonsis	1	470	940	1	                        graph_bin_annot3(4,907000,910000)
258	4	1004000	1004480	1005656	1005728	3:5_4:4_3:5	NCO	1	1_2brins	1177	1452	1727	8	                        graph_bin_annot3(4,1003000,1006000)
259	4	1015515	1016282	1016332	1016426	5:3	NCO	1	1_1brin	51	480	910	2	                        graph_bin_annot3(4,1014000,1017000)
260	4	1044635	1044751	1045062	1045735	6:2	CO	2	2_nonsis	312	706	1099	2	                        graph_bin_annot3(4,1043000,1046000)
261	4	1102674	1103455	1103488	1104014	2:6	NCO	1	1_2brins	34	686	1339	3	                        graph_bin_annot3(4,1101000,1105000)
262	4	1241519	1242168	1242658	1246191	3:5_2:6	CO	2	2_nonsis	491	2581	4671	4	                        graph_bin_annot3(4,1240000,1247000)
263	4	1268647	1269918	1269918	1270457	6:2	CO	2	2_nonsis	1	905	1809	1	                        graph_bin_annot3(4,1267000,1271000)
264	4	1355944	1357024	1355944	1357024		CO	2	2_nonsis	0	540	1079	0	                        graph_bin_annot3(4,1354000,1358000)
265	4	1509719	1509983	1510510	1511013	2:6_4:4_2:6	CO	2	2_nonsis	528	910	1293	3	                        graph_bin_annot3(4,1508000,1512000)
266	5	15966	16323	18447	18515	5:3_4:4_5:3	CO	2	2_nonsis	2125	2336	2548	11	                        graph_bin_annot3(5,14000,19000)
267	5	173989	174295	174794	175154	3:5_4:4_5:3	CO	2	2_nonsis	500	832	1164	5	                        graph_bin_annot3(5,172000,176000)
268	5	183549	183864	184363	184684	3:5_4:4_3:5_3:5	NCO	1	1_2brins	500	817	1134	7	                        graph_bin_annot3(5,182000,185000)
269	5	256810	258361	256810	258361		CO	2	2_nonsis	0	775	1550	0	                        graph_bin_annot3(5,255000,259000)
270	5	318016	318309	318414	319404	2:6	NCO	1	1_2brins	106	746	1387	2	                        graph_bin_annot3(5,317000,320000)
271	5	378395	378586	378586	379092	3:5	NCO	1	1_1brin	1	348	696	1	                        graph_bin_annot3(5,377000,380000)
272	5	414243	414432	414642	414720	6:2	CO	2	2_nonsis	211	344	476	3	                        graph_bin_annot3(5,413000,415000)
273	5	461582	461594	461594	462226	2:6	NCO	1	1_2brins	1	322	643	1	                        graph_bin_annot3(5,460000,463000)
274	5	509962	510678	510678	511287	5:3	NCO	1	1_1brin	1	662	1324	1	                        graph_bin_annot3(5,508000,512000)
275	6	43988	44192	44192	44748	5:3	NCO	1	1_1brin	1	380	759	1	                        graph_bin_annot3(6,42000,45000)
276	6	55864	56533	56533	56854	3:5	NCO	1	1_1brin	1	495	989	1	                        graph_bin_annot3(6,54000,57000)
277	6	88777	89605	91021	91098	4:4_5:3_4:4_5:3	CO	2	2_nonsis	1417	1868	2320	12	                        graph_bin_annot3(6,87000,92000)
278	6	95849	96304	96305	96502	2:6	NCO	1	1_2brins	2	327	652	2	                        graph_bin_annot3(6,94000,97000)
279	6	158086	158256	159616	159744	3:5	NCO	1	1_1brin	1361	1509	1657	15	                        graph_bin_annot3(6,157000,160000)
280	6	204282	204454	205702	205793	5:3_4:4_6:2	CO	2	2_nonsis	1249	1380	1510	20	                        graph_bin_annot3(6,203000,206000)
281	6	229247	229320	230462	230627	6:2_4:4_5:3_4:4_5:3	NCO	1	1_2brins	1143	1261	1379	11	                        graph_bin_annot3(6,228000,231000)
282	6	239066	239639	240385	240682	3:5_4:4_3:5_4:4_3:5	NCO	1	1_2brins	747	1181	1615	10	                        graph_bin_annot3(6,238000,241000)
283	7	21041	21167	21543	21569	5:3_4:4_5:3_6:2_5:3	NCO	1	1_2brins	377	452	527	18	                        graph_bin_annot3(7,20000,22000)
284	7	34992	35217	36018	36691	5:3_5:3	NCO	1	1_2brins	802	1250	1698	10	                        graph_bin_annot3(7,33000,37000)
285	7	55263	55957	55957	57501	2:6	NCO	1	1_2brins	1	1119	2237	1	                        graph_bin_annot3(7,54000,58000)
286	7	119177	119852	121176	121350	5:3_4:4_5:3	NCO	1	1_2brins	1325	1748	2172	5	                        graph_bin_annot3(7,118000,122000)
287	7	139179	139322	139797	140188	2:6_4:4	CO	2	2_nonsis	476	742	1008	8	                        graph_bin_annot3(7,138000,141000)
288	7	178509	179910	180364	181069	3:5	NCO	1	1_1brin	455	1507	2559	3	                        graph_bin_annot3(7,177000,182000)
289	7	244757	245112	245422	245686	6:2	CO	2	2_nonsis	311	620	928	2	                        graph_bin_annot3(7,243000,246000)
290	7	271422	271683	273422	273707	3:5_4:4*	CO	3	3	1740	2012	2284	5	                        graph_bin_annot3(7,270000,274000)
291	7	345438	345471	347682	348496	5:3_5:3	NCO	1	1_2brins	2212	2634	3057	19	                        graph_bin_annot3(7,344000,349000)
292	7	427600	427741	431344	431867	3:5_4:4_5:3_4:4_5:3	CO	2	2_nonsis	3604	3935	4266	25	                        graph_bin_annot3(7,426000,432000)
293	7	442184	442299	443342	443602	3:5	NCO	1	1_1brin	1044	1230	1417	10	                        graph_bin_annot3(7,441000,444000)
294	7	451346	451921	452589	452990	5:3_4:4_5:3	NCO	1	1_2brins	669	1156	1643	4	                        graph_bin_annot3(7,450000,453000)
295	7	531741	532320	533847	533952	3:5_4:4_5:3	NCO	2	2_nonsis	1528	1869	2210	4	                        graph_bin_annot3(7,530000,534000)
296	7	559914	560083	560364	560455	5:3_3:5	CO	2	2_nonsis	282	411	540	2	                        graph_bin_annot3(7,558000,561000)
297	7	609614	609644	609958	610218	5:3_4:4_5:3	CO	2	2_nonsis	315	459	603	11	                        graph_bin_annot3(7,608000,611000)
298	7	635353	635861	635861	636660	5:3	NCO	1	1_1brin	1	654	1306	1	                        graph_bin_annot3(7,634000,637000)
299	7	701596	701914	703157	703857	6:2_5:3	NCO	1	1_2brins	1244	1752	2260	12	                        graph_bin_annot3(7,700000,704000)
300	7	733970	733979	734573	734668	2:6_5:3_2:6	CO	2	2_nonsis	595	646	697	4	                        graph_bin_annot3(7,732000,735000)
301	7	799970	800086	803311	803780	3:5_3:5_3:5	CO	2	2_nonsis	3226	3518	3809	13	                        graph_bin_annot3(7,798000,804000)
302	7	848452	848688	850043	850236	5:3_3:5_4:4_3:5	NCO	2	2_nonsis	1356	1570	1783	13	                        graph_bin_annot3(7,847000,851000)
303	7	913000	913222	915939	916059	3:5_5:3_4:4_5:3_3:5_5:3_5:3	NCO	2	2_nonsis	2718	2888	3058	11	                        graph_bin_annot3(7,912000,917000)
304	7	948202	949014	950926	951196	2:6_4:4_3:5	CO	2	2_nonsis	1913	2453	2993	13	                        graph_bin_annot3(7,947000,952000)
305	7	1050064	1050446	1052107	1052468	2:6_4:4_6:2	CO	3	3	1662	2032	2403	7	                        graph_bin_annot3(7,1049000,1053000)
306	8	81320	81666	81685	82351	2:6	CO	2	2_nonsis	20	525	1030	2	                        graph_bin_annot3(8,80000,83000)
307	8	98484	98622	98643	99089	5:3	NCO	1	1_1brin	22	313	604	2	                        graph_bin_annot3(8,97000,100000)
308	8	120445	121477	122655	122848	5:3_3:5_6:2	CO	2	2_nonsis	1179	1790	2402	7	                        graph_bin_annot3(8,119000,123000)
309	8	195826	195949	196180	196402	6:2	CO	2	2_nonsis	232	404	575	3	                        graph_bin_annot3(8,194000,197000)
310	8	267804	268308	272512	273164	3:5_2:6	NCO	2	2_nonsis	4205	4782	5359	7	                        graph_bin_annot3(8,266000,274000)
311	8	369483	369871	371744	371815	2:6_4:4_5:3	NCO	2	2_nonsis	1874	2102	2331	10	                        graph_bin_annot3(8,368000,372000)
312	8	378234	378579	378642	378942	4:4_6:2	CO	2	2_nonsis	64	386	707	3	                        graph_bin_annot3(8,377000,379000)
313	8	399043	399050	399050	399235	5:3	NCO	1	1_1brin	1	96	191	1	                        graph_bin_annot3(8,398000,400000)
314	8	510752	510778	512291	512682	5:3_4:4_5:3_6:2	CO	2	2_nonsis	1514	1722	1929	12	                        graph_bin_annot3(8,509000,513000)
315	8	516468	516616	517036	517336	2:6_3:5_2:6_3:5	NCO	1	1_2brins	421	644	867	9	                        graph_bin_annot3(8,515000,518000)
316	9	37222	39367	42866	43949	2:6_3:5_2:6_3:5_3:5	CO	2	2_nonsis	3500	5113	6726	25	                        graph_bin_annot3(9,36000,44000)
317	9	46174	46556	48252	48606	5:3	NCO	1	1_1brin	1697	2064	2431	13	                        graph_bin_annot3(9,45000,49000)
318	9	60879	61323	62057	62207	3:5	NCO	1	1_1brin	735	1031	1327	4	                        graph_bin_annot3(9,59000,63000)
319	9	166074	166116	169444	169471	5:3_4:4*_5:3	CO	2	2_nonsis	3329	3362	3396	22	                        graph_bin_annot3(9,165000,170000)
320	9	175126	175167	176578	177082	5:3_3:5	CO	2	2_nonsis	1412	1684	1955	10	                        graph_bin_annot3(9,174000,178000)
321	9	303489	303983	303489	303983		CO	2	2_nonsis	0	246	493	0	                        graph_bin_annot3(9,302000,304000)
322	9	424642	424776	424776	424866	3:5	CO	2	2_nonsis	1	112	223	1	                        graph_bin_annot3(9,423000,425000)
323	10	54311	54420	54420	54825	3:5	NCO	1	1_1brin	1	257	513	1	                        graph_bin_annot3(10,53000,55000)
324	10	66411	67353	70072	70786	6:2_5:3	CO	2	2_nonsis	2720	3547	4374	16	                        graph_bin_annot3(10,65000,71000)
325	10	146059	146367	147143	147445	5:3	NCO	1	1_1brin	777	1081	1385	13	                        graph_bin_annot3(10,145000,148000)
326	10	183834	184128	184439	184592	3:5_4:4_3:5	CO	2	2_nonsis	312	534	757	6	                        graph_bin_annot3(10,182000,185000)
327	10	189441	190275	192156	192956	5:3_4:4_5:3	CO	2	2_nonsis	1882	2698	3514	10	                        graph_bin_annot3(10,188000,193000)
328	10	302207	302882	302943	303003	5:3	CO	2	2_nonsis	62	428	795	3	                        graph_bin_annot3(10,301000,304000)
329	10	331024	332595	333136	333385	3:5_2:6	CO	2	2_nonsis	542	1451	2360	8	                        graph_bin_annot3(10,330000,334000)
330	10	360588	360746	360746	360767	5:3	NCO	1	1_1brin	1	90	178	1	                        graph_bin_annot3(10,359000,361000)
331	10	398357	398746	399390	400622	3:5_3:5	CO	2	2_nonsis	645	1454	2264	3	                        graph_bin_annot3(10,397000,401000)
332	10	453451	454963	455506	456781	3:5_4:4_3:5	NCO	2	2_nonsis	544	1936	3329	4	                        graph_bin_annot3(10,452000,457000)
333	10	544523	545038	547200	547730	3:5_5:3	CO	2	2_nonsis	2163	2684	3206	8	                        graph_bin_annot3(10,543000,548000)
334	10	585466	586827	587861	589894	5:3_5:3	NCO	1	1_2brins	1035	2731	4427	8	                        graph_bin_annot3(10,584000,590000)
335	10	704056	704425	705938	706135	6:2_5:3_6:2_5:3	CO	2	2_nonsis	1514	1796	2078	17	                        graph_bin_annot3(10,703000,707000)
336	10	722676	723534	725475	725492	3:5_4:4_3:5_2:6_3:5_4:4_5:3	NCO	2	2_nonsis	1942	2378	2815	31	                        graph_bin_annot3(10,721000,726000)
337	11	19020	19855	20824	20955	4:4_3:5	CO	2	2_nonsis	970	1452	1934	16	                        graph_bin_annot3(11,18000,21000)
338	11	73320	73701	73701	74074	5:3	CO	2	2_nonsis	1	377	753	1	                        graph_bin_annot3(11,72000,75000)
339	11	172715	173133	173315	173801	6:2	CO	2	2_nonsis	183	634	1085	2	                        graph_bin_annot3(11,171000,174000)
340	11	316845	317019	317104	317375	5:3	CO	2	2_nonsis	86	308	529	3	                        graph_bin_annot3(11,315000,318000)
341	11	369378	369689	369689	369878	6:2	NCO	1	1_2brins	1	250	499	1	                        graph_bin_annot3(11,368000,370000)
342	11	428081	428986	429694	429883	4:4*_5:3_3:5	CO	2	2_nonsis	709	1255	1801	12	                        graph_bin_annot3(11,427000,430000)
343	11	477776	479195	479195	479521	6:2	NCO	1	1_2brins	1	872	1744	1	                        graph_bin_annot3(11,476000,480000)
344	11	506430	506614	506614	506729	3:5	NCO	1	1_1brin	1	150	298	1	                        graph_bin_annot3(11,505000,507000)
345	11	573530	574134	577779	578230	5:3_6:2_5:3_3:5	CO	2	2_nonsis	3646	4172	4699	22	                        graph_bin_annot3(11,572000,579000)
346	11	614450	614538	615361	615437	5:3	NCO	2	2_nonsis	824	905	986	5	                        graph_bin_annot3(11,613000,616000)
347	11	619375	619475	620968	621343	2:6_4:4_2:6	CO	2	2_nonsis	1494	1730	1967	15	                        graph_bin_annot3(11,618000,622000)
348	12	45294	47080	47204	48661	2:6_3:5	CO	2	2_nonsis	125	1746	3366	2	                        graph_bin_annot3(12,44000,49000)
349	12	112405	112468	112663	112689	6:2_5:3	CO	2	2_nonsis	196	240	283	12	                        graph_bin_annot3(12,111000,113000)
350	12	223258	223495	225620	225795	3:5_2:6_3:5_4:4_3:5	CO	3	3	2126	2331	2536	19	                        graph_bin_annot3(12,222000,226000)
351	12	230218	230960	232561	233075	6:2_4:4_5:3_4:4_5:3_6:2	CO	2	2_nonsis	1602	2229	2856	11	                        graph_bin_annot3(12,229000,234000)
352	12	314478	314762	316496	316628	3:5_4:4_3:5_2:6_3:5	NCO	1	1_2brins	1735	1942	2149	10	                        graph_bin_annot3(12,313000,317000)
353	12	341070	341507	341070	341507		CO	2	2_nonsis	0	218	436	0	                        graph_bin_annot3(12,340000,342000)
354	12	439951	440042	440342	440952	5:3_6:2_5:3	NCO	1	1_2brins	301	650	1000	3	                        graph_bin_annot3(12,438000,441000)
355	12	445923	446046	447993	448167	5:3_4:4_5:3	NCO	1	1_2brins	1948	2096	2243	9	                        graph_bin_annot3(12,444000,449000)
356	12	601489	601624	603693	603907	6:2_5:3_6:2_5:3_6:2	NCO	1	1_2brins	2070	2244	2417	26	                        graph_bin_annot3(12,600000,604000)
357	12	644551	645338	645971	646705	3:5_2:6	NCO	1	1_2brins	634	1394	2153	5	                        graph_bin_annot3(12,643000,647000)
358	12	677815	677890	678194	678512	2:6	CO	2	2_nonsis	305	500	696	4	                        graph_bin_annot3(12,676000,679000)
359	12	849651	854761	854846	855144	3:5	CO	2	2_nonsis	86	2789	5492	2	                        graph_bin_annot3(12,848000,856000)
360	12	1013592	1014017	1015598	1015774	4:4_2:6_3:5_4:4_2:6_3:5	NCO	2	2_nonsis	1582	1882	2181	13	                        graph_bin_annot3(12,1012000,1016000)
361	13	45656	45908	46860	48814	2:6_3:5	CO	2	2_nonsis	953	2055	3157	9	                        graph_bin_annot3(13,44000,49000)
362	13	51358	51433	51433	51596	5:3	NCO	1	1_1brin	1	119	237	1	                        graph_bin_annot3(13,50000,52000)
363	13	101569	101681	102320	102554	5:3_4:4_5:3	NCO	1	1_1brin	640	812	984	7	                        graph_bin_annot3(13,100000,103000)
364	13	157807	159085	160280	160611	2:6_3:5	CO	2	2_nonsis	1196	2000	2803	12	                        graph_bin_annot3(13,156000,161000)
365	13	169522	169808	169962	170932	2:6	NCO	1	1_2brins	155	782	1409	2	                        graph_bin_annot3(13,168000,171000)
366	13	228322	228901	229206	229539	5:3	NCO	1	1_1brin	306	761	1216	2	                        graph_bin_annot3(13,227000,230000)
367	13	287574	287682	287574	287682		CO	2	2_nonsis	0	54	107	0	                        graph_bin_annot3(13,286000,288000)
368	13	456970	457507	458513	459192	5:3_6:2	CO	2	2_nonsis	1007	1614	2221	8	                        graph_bin_annot3(13,455000,460000)
369	13	496640	496721	496739	496955	3:5	NCO	1	1_1brin	19	166	314	2	                        graph_bin_annot3(13,495000,497000)
370	13	540526	540798	543392	543706	6:2_4:4_6:2_4:4_6:2_3:5	CO	2	2_nonsis	2595	2887	3179	22	                        graph_bin_annot3(13,539000,544000)
371	13	590865	591615	593072	593361	2:6_4:4_3:5	CO	2	2_nonsis	1458	1976	2495	5	                        graph_bin_annot3(13,589000,594000)
372	13	618075	618182	618182	618249	3:5	NCO	1	1_1brin	1	87	173	1	                        graph_bin_annot3(13,617000,619000)
373	13	666220	666667	667511	667766	4:4_5:3_4:4_5:3	CO	2	2_nonsis	845	1195	1545	10	                        graph_bin_annot3(13,665000,668000)
374	13	772587	773055	773268	773415	4:4_3:5	CO	2	2_nonsis	214	520	827	4	                        graph_bin_annot3(13,771000,774000)
375	13	820241	820753	821125	821368	5:3	CO	2	2_nonsis	373	750	1126	2	                        graph_bin_annot3(13,819000,822000)
376	13	838248	838336	838336	838867	2:6	CO	2	2_nonsis	1	310	618	1	                        graph_bin_annot3(13,837000,839000)
377	14	32426	34396	34412	34467	5:3	NCO	1	1_1brin	17	1028	2040	2	                        graph_bin_annot3(14,31000,35000)
378	14	56038	57439	57439	57579	2:6	CO	2	2_nonsis	1	770	1540	1	                        graph_bin_annot3(14,55000,58000)
379	14	116131	116459	118803	119128	3:5_4:4_3:5	CO	2	2_nonsis	2345	2670	2996	21	                        graph_bin_annot3(14,115000,120000)
380	14	136113	136144	136375	136579	5:3	NCO	1	1_1brin	232	348	465	4	                        graph_bin_annot3(14,135000,137000)
381	14	166733	167934	169998	170087	3:5_3:5	NCO	1	1_2brins	2065	2709	3353	14	                        graph_bin_annot3(14,165000,171000)
382	14	190429	190588	192780	193106	2:6_3:5_4:4*	CO	3	3	2193	2434	2676	12	                        graph_bin_annot3(14,189000,194000)
383	14	307665	307785	311673	312312	5:3_6:2_5:3_6:2_5:3_6:2_5:3_6:2	NCO	1	1_2brins	3889	4268	4646	31	                        graph_bin_annot3(14,306000,313000)
384	14	331699	331790	331790	332278	2:6	NCO	1	1_2brins	1	290	578	1	                        graph_bin_annot3(14,330000,333000)
385	14	335707	335910	336414	336437	5:3_4:4_5:3	NCO	1	1_2brins	505	617	729	4	                        graph_bin_annot3(14,334000,337000)
386	14	372088	372101	373375	373628	3:5_5:3	CO	2	2_nonsis	1275	1407	1539	9	                        graph_bin_annot3(14,371000,374000)
387	14	410941	411667	412609	413686	3:5_2:6_3:5_2:6	CO	2	2_nonsis	943	1844	2744	25	                        graph_bin_annot3(14,409000,414000)
388	14	487393	487663	488208	488587	4:4_6:2	CO	2	2_nonsis	546	870	1193	6	                        graph_bin_annot3(14,486000,489000)
389	14	549663	550069	553809	554217	3:5_5:3_4:4_5:3	CO	2	2_nonsis	3741	4147	4553	13	                        graph_bin_annot3(14,548000,555000)
390	14	574949	575525	576383	577027	2:6_4:4_2:6	NCO	1	1_2brins	859	1468	2077	3	                        graph_bin_annot3(14,573000,578000)
391	14	643259	643444	644271	644875	6:2_4:4_5:3	CO	2	2_nonsis	828	1222	1615	4	                        graph_bin_annot3(14,642000,645000)
392	14	689057	689310	690428	691115	2:6_4:4_3:5_3:5	CO	2	2_nonsis	1119	1588	2057	8	                        graph_bin_annot3(14,688000,692000)
393	15	40593	40834	41221	41378	2:6_3:5	CO	2	2_nonsis	388	586	784	3	                        graph_bin_annot3(15,39000,42000)
394	15	108331	108945	109584	110892	3:5_3:5_2:6	NCO	1	1_2brins	640	1600	2560	7	                        graph_bin_annot3(15,107000,111000)
395	15	170203	170363	172081	172515	3:5_4:4_3:5_2:6_3:5_6:2	CO	2	2_nonsis	1719	2015	2311	9	                        graph_bin_annot3(15,169000,173000)
396	15	205739	205841	208106	208220	5:3_6:2_5:3_4:4_5:3	NCO	1	1_2brins	2266	2373	2480	28	                        graph_bin_annot3(15,204000,209000)
397	15	242641	242848	243335	243831	5:3_5:3_4:4_5:3	NCO	1	1_2brins	488	838	1189	7	                        graph_bin_annot3(15,241000,244000)
398	15	256235	256322	256457	256963	2:6	NCO	1	1_2brins	136	432	727	6	                        graph_bin_annot3(15,255000,257000)
399	15	268456	269276	270526	270656	6:2_5:3_6:2	CO	2	2_nonsis	1251	1725	2199	19	                        graph_bin_annot3(15,267000,271000)
400	15	407171	407340	407340	407771	2:6	CO	2	2_nonsis	1	300	599	1	                        graph_bin_annot3(15,406000,408000)
401	15	461434	461644	462267	462906	5:3_4:4_6:2	CO	2	2_nonsis	624	1048	1471	7	                        graph_bin_annot3(15,460000,463000)
402	15	494089	494313	494956	495340	3:5_4:4_3:5	NCO	1	1_2brins	644	947	1250	9	                        graph_bin_annot3(15,493000,496000)
403	15	510696	511001	511476	511568	6:2	CO	2	2_nonsis	476	674	871	8	                        graph_bin_annot3(15,509000,512000)
404	15	586076	586304	588171	588409	3:5_3:5	NCO	1	1_2brins	1868	2100	2332	12	                        graph_bin_annot3(15,585000,589000)
405	15	670429	670593	670593	670904	2:6	CO	2	2_nonsis	1	238	474	1	                        graph_bin_annot3(15,669000,671000)
406	15	806960	807123	807631	807840	2:6	CO	2	2_nonsis	509	694	879	6	                        graph_bin_annot3(15,805000,808000)
407	15	985000	985377	985377	985518	6:2	CO	2	2_nonsis	1	259	517	1	                        graph_bin_annot3(15,984000,986000)
408	15	986991	987247	987247	987667	2:6	NCO	1	1_2brins	1	338	675	1	                        graph_bin_annot3(15,985000,988000)
409	15	1070965	1071028	1071033	1071090	6:2	NCO	1	1_2brins	6	65	124	3	                        graph_bin_annot3(15,1069000,1072000)
410	16	29458	29604	29674	29749	2:6	CO	2	2_nonsis	71	180	290	2	                        graph_bin_annot3(16,28000,30000)
411	16	63201	63205	63205	63216	5:3	NCO	1	1_1brin	1	8	14	1	                        graph_bin_annot3(16,62000,64000)
412	16	168076	169035	171270	171314	6:2_4:4_3:5_2:6_3:5_4:4_3:5	CO	2	2_nonsis	2236	2736	3237	25	                        graph_bin_annot3(16,167000,172000)
413	16	253297	253600	254117	254324	6:2	CO	2	2_nonsis	518	772	1026	13	                        graph_bin_annot3(16,252000,255000)
414	16	374857	375235	374857	375235		CO	2	2_nonsis	0	188	377	0	                        graph_bin_annot3(16,373000,376000)
415	16	454587	454982	455955	456445	5:3_4:4_5:3	NCO	1	1_2brins	974	1416	1857	7	                        graph_bin_annot3(16,453000,457000)
416	16	497140	497162	498200	498617	5:3_4:4_6:2_4:4	CO	2	2_nonsis	1039	1258	1476	7	                        graph_bin_annot3(16,496000,499000)
417	16	607028	607677	607028	607677		CO	2	2_nonsis	0	324	648	0	                        graph_bin_annot3(16,606000,608000)
418	16	677287	677647	677836	678266	6:2	CO	2	2_nonsis	190	584	978	5	                        graph_bin_annot3(16,676000,679000)
419	16	828891	829002	832685	832807	2:6_4:4_3:5_3:5	CO	3	3	3684	3800	3915	18	                        graph_bin_annot3(16,827000,833000)
420	16	921352	921490	921998	922220	2:6_6:2	CO	2	2_nonsis	509	688	867	3	                        graph_bin_annot3(16,920000,923000)
